block_seq_num,block_var_num,block_route_num,block_run_num
4511228,1,672,4
4511229,1,672,8
4511230,1,672,15
4511231,1,672,13
4511232,1,672,7
4511233,1,672,6
4511234,1,672,3
4511235,1,672,2
4511236,1,672,1
4511237,1,672,16
4511238,1,672,14
4511239,1,672,12
4511240,1,982,2
4511241,1,887,2
4511242,1,268,3
4511243,1,824,2
4511244,1,892,2
4511245,1,989,2
4511246,1,212,13
4511247,1,257,4
4511248,1,268,4
4511249,1,212,1
4511250,1,212,14
4511251,1,823,2
4511252,1,252,6
4511253,1,894,2
4511254,1,257,2
4511255,1,246,10
4511256,1,255,14
4511257,1,255,9
4511258,1,252,3
4511259,1,257,3
4511260,1,212,23
4511261,1,212,4
4511262,1,212,3
4511263,1,212,18
4511264,1,252,7
4511265,1,672,5
4511266,1,672,9
4511267,1,672,10
4511268,1,672,11
4511269,1,268,1
4511270,1,212,7
4511271,1,268,5
4511272,1,212,24
4511273,1,889,2
4511274,1,212,6
4511275,1,212,10
4511276,1,252,2
4511277,1,216,1
4511278,1,216,2
4511279,1,212,15
4511280,1,212,20
4511281,1,216,3
4511282,1,216,4
4511283,1,216,5
4511284,1,216,8
4511285,1,216,9
4511286,1,216,10
4511287,1,218,1
4511288,1,218,3
4511289,1,218,5
4511290,1,218,6
4511291,1,218,7
4511292,1,218,8
4511293,1,218,9
4511294,1,218,11
4511295,1,218,12
4511296,1,218,13
4511297,1,218,14
4511298,1,218,15
4511299,1,219,1
4511300,1,219,2
4511301,1,219,3
4511302,1,219,4
4511303,1,216,11
4511304,1,219,5
4511305,1,219,6
4511306,1,219,7
4511307,1,255,12
4511308,1,216,6
4511309,1,252,1
4511310,1,891,2
4511311,1,892,1
4511312,1,893,2
4511313,1,895,2
4511314,1,986,2
4511315,1,255,19
4511316,1,255,1
4511317,1,255,2
4511318,1,255,3
4511319,1,255,4
4511320,1,255,5
4511321,1,255,6
4511322,1,255,7
4511323,1,255,8
4511324,1,255,10
4511325,1,255,11
4511326,1,255,15
4511327,1,255,16
4511328,1,255,17
4511329,1,255,18
4511330,1,255,21
4511331,1,255,22
4511332,1,255,23
4511333,1,252,4
4511334,1,255,24
4511335,1,255,25
4511336,1,255,26
4511337,1,255,27
4511338,1,255,28
4511339,1,255,31
4511340,1,255,32
4511341,1,255,33
4511342,1,255,13
4511343,1,311,2
4511344,1,311,1
4511345,1,311,3
4511346,1,311,4
4511347,1,311,6
4511348,1,311,7
4511349,1,311,9
4511350,1,311,10
4511351,1,311,11
4511352,1,311,12
4511353,1,311,13
4511354,1,311,14
4511355,1,311,8
4511356,1,311,5
4511357,1,888,2
4511358,1,268,2
4511359,1,522,1
4511360,1,522,3
4511361,1,522,4
4511362,1,545,3
4511363,1,540,1
4511364,1,522,6
4511365,1,522,7
4511366,1,522,8
4511367,1,522,9
4511368,1,522,10
4511369,1,522,11
4511370,1,522,12
4511371,1,522,13
4511372,1,522,14
4511373,1,522,15
4511374,1,522,16
4511375,1,522,17
4511376,1,522,18
4511377,1,522,19
4511378,1,522,20
4511379,1,522,21
4511380,1,522,22
4511381,1,554,20
4511382,1,522,23
4511383,1,540,2
4511384,1,540,3
4511385,1,540,4
4511386,1,540,5
4511387,1,540,6
4511388,1,540,7
4511389,1,540,8
4511390,1,541,1
4511391,1,541,2
4511392,1,545,19
4511393,1,541,3
4511394,1,541,4
4511395,1,541,6
4511396,1,541,7
4511397,1,541,8
4511398,1,541,9
4511399,1,542,1
4511400,1,542,2
4511401,1,542,3
4511402,1,542,4
4511403,1,542,5
4511404,1,542,6
4511405,1,542,7
4511406,1,542,8
4511407,1,542,9
4511408,1,542,10
4511409,1,542,11
4511410,1,542,12
4511411,1,542,13
4511412,1,542,14
4511413,1,542,15
4511414,1,542,16
4511415,1,545,1
4511416,1,545,2
4511417,1,522,2
4511418,1,545,4
4511419,1,545,5
4511420,1,545,6
4511421,1,545,7
4511422,1,522,5
4511423,1,545,8
4511424,1,545,9
4511425,1,545,10
4511426,1,545,12
4511427,1,545,11
4511428,1,545,14
4511429,1,545,16
4511430,1,545,17
4511431,1,545,18
4511432,1,545,20
4511433,1,545,22
4511434,1,545,23
4511435,1,545,25
4511436,1,545,26
4511437,1,545,29
4511438,1,545,31
4511439,1,545,34
4511440,1,545,35
4511441,1,545,36
4511442,1,545,37
4511443,1,545,38
4511444,1,545,39
4511445,1,545,40
4511446,1,550,1
4511447,1,550,2
4511448,1,550,3
4511449,1,550,4
4511450,1,550,5
4511451,1,550,6
4511452,1,550,7
4511453,1,550,8
4511454,1,550,9
4511455,1,550,10
4511456,1,550,11
4511457,1,550,12
4511458,1,550,13
4511459,1,550,14
4511460,1,550,15
4511461,1,550,16
4511462,1,550,17
4511463,1,550,18
4511464,1,550,19
4511465,1,550,20
4511466,1,550,21
4511467,1,550,24
4511468,1,550,27
4511469,1,550,29
4511470,1,550,30
4511471,1,550,31
4511472,1,554,1
4511473,1,554,2
4511474,1,554,3
4511475,1,554,4
4511476,1,554,5
4511477,1,554,6
4511478,1,554,7
4511479,1,556,1
4511480,1,554,9
4511481,1,554,10
4511482,1,554,13
4511483,1,554,15
4511484,1,554,16
4511485,1,554,8
4511486,1,554,11
4511487,1,554,12
4511488,1,554,14
4511489,1,554,18
4511490,1,554,19
4511491,1,554,21
4511492,1,554,22
4511493,1,556,3
4511494,1,556,4
4511495,1,555,2
4511496,1,556,5
4511497,1,554,17
4511498,1,550,32
4511499,1,550,22
4511500,1,550,23
4511501,1,550,25
4511502,1,550,26
4511503,1,550,28
4511504,1,212,21
4511505,1,212,19
4511506,1,212,12
4511507,1,212,22
4511508,1,886,2
4511509,1,212,11
4511510,1,545,33
4511511,1,545,32
4511512,1,545,15
4511513,1,545,21
4511514,1,545,27
4511515,1,545,24
4511516,1,545,30
4511517,1,545,13
4511518,1,545,28
4511519,1,555,3
4511520,1,556,2
4511521,1,555,1
4511522,1,541,5
4511523,1,212,2
4511524,1,212,16
4511525,1,212,9
4511526,1,212,5
4511527,1,212,8
4511528,1,212,17
4511529,1,218,2
4511530,1,218,4
4511531,1,216,7
4511532,1,255,29
4511533,1,257,1
4511534,1,252,5
4511535,1,255,20
4511536,1,255,30
4511537,1,218,10
4511538,1,212,25
4511539,1,823,1
4511540,1,824,1
4511541,1,888,1
4511542,1,982,1
4511543,1,986,1
4511544,1,989,1
4511555,1,893,60
4511556,1,895,60
4511557,1,824,60
4511558,1,887,60
4511559,1,823,60
4511560,1,886,60
4511561,1,889,60
4511562,1,888,60
4511730,1,96,1
4511731,1,96,2
4511732,1,96,3
4511733,1,96,4
4511734,1,96,5
4511735,1,96,6
4511789,1,98,1
4511790,1,98,2
4511791,1,98,3
4511792,1,98,1
4511793,1,98,2
4511794,1,98,3
4511904,1,930,1
4511905,1,930,2
4511906,1,930,4
4511907,1,930,5
4511908,1,930,3
4511909,1,930,6
4511910,1,917,1
4511911,1,914,1
4511912,1,914,2
4511913,1,914,3
4511914,1,910,1
4511915,1,908,1
4511916,1,913,1
4511917,1,913,2
4511918,1,913,3
4511919,1,913,4
4511920,1,931,2
4511921,1,931,3
4511922,1,931,4
4511923,1,931,7
4511924,1,931,8
4511925,1,931,1
4511926,1,975,1
4511927,1,975,2
4511928,1,906,1
4511929,1,906,2
4511930,1,629,2
4511931,1,629,1
4511932,1,931,6
4511933,1,931,5
4511934,1,628,2
4511935,1,628,3
4511936,1,628,4
4511937,1,628,5
4511938,1,628,6
4511939,1,630,2
4511940,1,630,3
4511941,1,630,4
4511942,1,630,5
4511943,1,630,6
4511944,1,630,1
4511945,1,631,1
4511946,1,901,1
4511947,1,903,1
4511948,1,903,2
4511949,1,903,3
4511950,1,903,4
4511951,1,903,5
4511952,1,903,6
4511953,1,903,7
4511954,1,903,8
4511955,1,903,9
4511956,1,628,1
4511957,1,915,1
4511958,1,915,2
4511959,1,632,1
4511966,1,907,1
4511967,1,907,2
4512424,1,312,26
4512425,1,74,14
4512426,1,316,10
4512427,1,77,11
4512428,1,74,16
4512429,1,41,20
4512430,1,312,21
4512431,1,41,44
4512432,1,316,11
4512433,1,312,28
4512434,1,77,14
4512435,1,41,47
4512436,1,41,4
4512437,1,316,12
4512438,1,41,37
4512439,1,309,4
4512440,1,316,8
4512441,1,41,42
4512442,1,316,9
4512443,1,312,20
4512444,1,301,12
4512445,1,77,12
4512446,1,301,13
4512447,1,75,12
4512448,1,41,40
4512450,1,74,17
4512451,1,41,45
4512452,1,74,1
4512453,1,41,17
4512454,1,301,17
4512455,1,41,38
4512456,1,74,18
4512457,1,301,14
4512458,1,41,39
4512459,1,41,3
4512461,1,41,34
4512462,1,372,14
4512463,1,41,19
4512464,1,65,10
4512465,1,73,6
4512466,1,312,19
4512467,1,41,30
4512468,1,372,9
4512469,1,65,9
4512470,1,73,4
4512471,1,76,2
4512472,1,65,12
4512473,1,304,7
4512474,1,312,18
4512475,1,372,18
4512476,1,65,4
4512477,1,372,7
4512478,1,661,11
4512479,1,372,5
4512480,1,304,4
4512481,1,41,29
4512482,1,76,3
4512483,1,65,11
4512484,1,41,35
4512485,1,372,13
4512486,1,331,8
4512487,1,312,25
4512488,1,331,1
4512489,1,372,19
4512490,1,346,4
4512491,1,65,6
4512492,1,331,3
4512493,1,312,16
4512494,1,73,2
4512495,1,331,4
4512496,1,372,2
4512497,1,312,17
4512498,1,661,10
4512499,1,41,31
4512500,1,372,11
4512501,1,346,2
4512502,1,65,1
4512503,1,346,1
4512504,1,73,3
4512505,1,346,3
4512506,1,346,6
4512507,1,41,2
4512508,1,331,6
4512509,1,41,36
4512510,1,65,8
4512511,1,304,5
4512512,1,301,10
4512513,1,65,7
4512514,1,65,15
4512515,1,65,17
4512516,1,65,13
4512517,1,304,6
4512518,1,661,12
4512519,1,41,16
4512520,1,41,23
4512521,1,74,5
4512522,1,65,14
4512523,1,41,21
4512524,1,331,5
4512525,1,346,5
4512526,1,78,1
4512527,1,331,9
4512528,1,331,2
4512529,1,41,24
4512530,1,661,13
4512531,1,331,7
4512532,1,330,1
4512533,1,342,12
4512534,1,75,14
4512535,1,75,1
4512536,1,301,15
4512537,1,75,21
4512538,1,301,11
4512539,1,316,13
4512540,1,75,13
4512541,1,75,2
4512542,1,75,4
4512543,1,75,7
4512544,1,75,5
4512545,1,75,9
4512546,1,74,12
4512547,1,75,19
4512548,1,312,23
4512549,1,75,6
4512550,1,312,27
4512551,1,75,3
4512552,1,75,17
4512553,1,76,4
4512554,1,301,9
4512555,1,75,11
4512556,1,75,16
4512557,1,75,10
4512558,1,74,15
4512559,1,41,33
4512560,1,41,46
4512561,1,74,11
4512562,1,41,27
4512563,1,74,19
4512564,1,41,41
4512565,1,41,43
4512566,1,76,5
4512567,1,77,15
4512568,1,312,24
4512569,1,312,22
4512570,1,342,15
4512571,1,73,7
4512572,1,77,1
4512573,1,77,10
4512574,1,372,3
4512575,1,372,22
4512576,1,65,24
4512577,1,65,18
4512578,1,65,20
4512579,1,65,22
4512580,1,65,23
4512581,1,65,21
4512582,1,372,23
4512583,1,65,19
4512584,1,73,9
4512585,1,372,20
4512586,1,372,21
4512587,1,331,10
4512588,1,73,8
4512589,1,372,24
4512590,1,75,18
4512591,1,312,1
4512592,1,77,9
4512593,1,342,11
4512594,1,41,1
4512595,1,372,1
4512596,1,312,2
4512597,1,74,6
4512598,1,65,2
4512599,1,65,3
4512600,1,301,1
4512601,1,312,10
4512602,1,41,5
4512603,1,74,2
4512604,1,312,3
4512605,1,65,5
4512606,1,74,3
4512607,1,41,6
4512608,1,41,7
4512609,1,312,4
4512610,1,309,1
4512611,1,41,8
4512612,1,372,4
4512613,1,41,9
4512614,1,77,2
4512615,1,342,13
4512616,1,41,10
4512617,1,301,2
4512618,1,316,1
4512619,1,41,11
4512620,1,304,1
4512621,1,308,1
4512622,1,73,1
4512623,1,74,4
4512624,1,41,12
4512625,1,75,8
4512626,1,372,6
4512627,1,301,3
4512628,1,304,3
4512629,1,312,5
4512630,1,309,2
4512631,1,77,3
4512632,1,41,13
4512633,1,41,14
4512634,1,312,6
4512635,1,41,15
4512636,1,372,8
4512637,1,304,2
4512638,1,77,4
4512639,1,316,2
4512640,1,301,4
4512641,1,41,26
4512642,1,312,7
4512643,1,74,7
4512644,1,372,10
4512645,1,312,8
4512646,1,316,3
4512647,1,312,9
4512648,1,77,5
4512649,1,74,8
4512650,1,309,3
4512651,1,301,5
4512652,1,312,11
4512653,1,74,9
4512654,1,312,12
4512655,1,74,10
4512656,1,77,6
4512657,1,316,4
4512658,1,301,6
4512659,1,308,2
4512660,1,301,7
4512661,1,316,5
4512662,1,73,5
4512663,1,301,8
4512664,1,77,7
4512665,1,41,22
4512666,1,312,14
4512667,1,316,6
4512668,1,372,12
4512669,1,77,8
4512670,1,41,25
4512671,1,75,15
4512672,1,312,13
4512673,1,316,7
4512674,1,312,15
4512675,1,41,49
4512676,1,41,48
4512677,1,76,1
4512678,1,41,18
4512679,1,74,13
4512680,1,41,28
4512681,1,41,32
4512682,1,372,17
4512683,1,76,6
4512684,1,372,15
4512685,1,372,16
4512686,1,342,14
4512687,1,75,20
4512688,1,65,16
4513151,1,190,9
4513152,1,105,2
4513153,1,105,1
4513154,1,150,4
4513155,1,111,2
4513156,1,102,2
4513157,1,183,2
4513158,1,150,1
4513159,1,182,2
4513160,1,111,6
4513161,1,102,5
4513162,1,150,3
4513163,1,150,13
4513164,1,143,9
4513165,1,150,8
4513166,1,179,6
4513167,1,150,6
4513168,1,101,15
4513169,1,143,4
4513170,1,179,4
4513171,1,102,1
4513172,1,150,10
4513173,1,150,2
4513174,1,179,5
4513175,1,159,2
4513176,1,150,12
4513177,1,183,1
4513178,1,186,5
4513179,1,111,5
4513180,1,111,13
4513181,1,192,1
4513182,1,101,1
4513183,1,143,3
4513184,1,159,4
4513185,1,111,10
4513186,1,114,7
4513187,1,159,5
4513188,1,111,12
4513189,1,182,1
4513190,1,183,6
4513191,1,179,2
4513192,1,154,2
4513193,1,177,2
4513194,1,114,2
4513195,1,111,9
4513196,1,157,1
4513197,1,154,1
4513198,1,952,8
4513199,1,186,2
4513200,1,157,3
4513201,1,952,6
4513202,1,183,3
4513203,1,183,7
4513204,1,179,1
4513205,1,143,7
4513206,1,158,3
4513207,1,114,5
4513208,1,159,1
4513209,1,190,10
4513210,1,177,1
4513211,1,159,3
4513212,1,177,7
4513213,1,158,4
4513214,1,952,3
4513215,1,114,3
4513216,1,952,7
4513217,1,114,1
4513218,1,158,5
4513219,1,101,5
4513220,1,190,2
4513221,1,101,11
4513222,1,111,1
4513223,1,186,1
4513224,1,101,6
4513225,1,183,4
4513226,1,182,4
4513227,1,192,7
4513228,1,111,3
4513229,1,143,11
4513230,1,157,2
4513231,1,186,4
4513232,1,190,3
4513233,1,143,1
4513234,1,150,5
4513235,1,952,2
4513236,1,143,5
4513237,1,190,6
4513238,1,101,14
4513239,1,158,1
4513240,1,190,7
4513241,1,952,1
4513242,1,111,7
4513243,1,111,8
4513244,1,952,4
4513245,1,952,5
4513246,1,177,3
4513247,1,154,3
4513248,1,166,2
4513249,1,166,4
4513250,1,166,1
4513251,1,154,4
4513252,1,192,2
4513253,1,192,3
4513254,1,182,5
4513255,1,166,6
4513256,1,166,8
4513257,1,150,14
4513258,1,150,9
4513259,1,166,3
4513260,1,150,11
4513261,1,166,5
4513262,1,168,1
4513263,1,168,2
4513264,1,164,2
4513265,1,168,3
4513266,1,164,1
4513267,1,164,3
4513268,1,168,4
4513269,1,183,8
4513270,1,182,3
4513271,1,671,17
4513272,1,671,16
4513273,1,671,15
4513274,1,671,14
4513275,1,671,13
4513276,1,671,11
4513277,1,671,7
4513278,1,671,6
4513279,1,671,5
4513280,1,671,4
4513281,1,671,3
4513282,1,671,2
4513283,1,671,1
4513284,1,671,18
4513285,1,193,10
4513286,1,193,9
4513287,1,193,8
4513288,1,193,7
4513289,1,193,5
4513290,1,193,4
4513291,1,193,3
4513292,1,193,2
4513293,1,193,1
4513294,1,180,11
4513295,1,180,10
4513296,1,180,9
4513297,1,180,8
4513298,1,180,7
4513299,1,180,6
4513300,1,180,4
4513301,1,180,3
4513302,1,180,1
4513303,1,180,2
4513304,1,178,2
4513305,1,178,4
4513306,1,178,3
4513307,1,178,1
4513308,1,178,8
4513309,1,178,7
4513310,1,178,6
4513311,1,158,10
4513312,1,158,8
4513313,1,158,9
4513314,1,158,7
4513315,1,192,6
4513316,1,192,5
4513317,1,158,11
4513318,1,186,6
4513319,1,166,7
4513320,1,50,1
4513321,1,50,2
4513322,1,50,10
4513323,1,50,3
4513324,1,50,5
4513325,1,50,4
4513326,1,50,6
4513327,1,50,8
4513328,1,50,7
4513329,1,50,9
4513330,1,128,1
4513331,1,128,2
4513332,1,128,3
4513333,1,128,5
4513334,1,128,6
4513335,1,128,4
4513336,1,128,10
4513337,1,111,11
4513338,1,128,7
4513339,1,159,6
4513340,1,179,8
4513341,1,179,7
4513342,1,158,6
4513343,1,157,5
4513344,1,179,9
4513345,1,179,11
4513346,1,157,6
4513347,1,179,12
4513348,1,156,3
4513349,1,156,2
4513350,1,156,1
4513351,1,156,4
4513352,1,186,3
4513353,1,182,6
4513354,1,181,1
4513355,1,181,2
4513356,1,181,3
4513357,1,181,4
4513358,1,181,5
4513359,1,166,12
4513360,1,101,4
4513361,1,183,5
4513362,1,183,9
4513363,1,102,6
4513364,1,676,16
4513365,1,676,15
4513366,1,676,14
4513367,1,676,12
4513368,1,676,10
4513369,1,676,8
4513370,1,676,7
4513371,1,676,6
4513372,1,676,5
4513373,1,676,4
4513374,1,676,2
4513375,1,676,3
4513376,1,676,1
4513377,1,114,6
4513378,1,143,10
4513379,1,119,32
4513380,1,119,22
4513381,1,119,21
4513382,1,118,6
4513383,1,118,5
4513384,1,118,4
4513385,1,118,3
4513386,1,118,2
4513387,1,118,1
4513388,1,116,9
4513389,1,116,7
4513390,1,116,6
4513391,1,116,5
4513392,1,116,4
4513393,1,116,3
4513394,1,116,2
4513395,1,116,1
4513396,1,22,1
4513397,1,22,2
4513398,1,197,10
4513399,1,197,9
4513400,1,197,8
4513401,1,197,7
4513402,1,197,5
4513403,1,197,2
4513404,1,197,1
4513405,1,197,3
4513406,1,143,2
4513407,1,143,8
4513408,1,157,4
4513409,1,166,10
4513410,1,157,7
4513411,1,101,3
4513412,1,179,3
4513413,1,179,10
4513414,1,179,13
4513415,1,190,5
4513416,1,190,1
4513417,1,190,8
4513418,1,190,11
4513419,1,150,7
4513420,1,114,4
4513421,1,180,5
4513422,1,180,12
4513423,1,128,9
4513424,1,128,8
4513425,1,166,11
4513426,1,177,8
4513427,1,178,9
4513428,1,101,2
4513429,1,177,10
4513430,1,150,17
4513431,1,102,8
4513432,1,102,4
4513433,1,177,6
4513434,1,197,6
4513435,1,197,4
4513436,1,101,9
4513437,1,102,9
4513438,1,102,7
4513439,1,150,22
4513440,1,150,18
4513441,1,190,4
4513442,1,150,21
4513443,1,101,13
4513444,1,101,7
4513445,1,150,23
4513446,1,101,16
4513447,1,150,20
4513448,1,101,12
4513449,1,150,19
4513450,1,101,10
4513451,1,119,31
4513452,1,107,19
4513453,1,107,18
4513454,1,107,17
4513455,1,107,16
4513456,1,107,15
4513457,1,107,14
4513458,1,107,13
4513459,1,107,12
4513460,1,107,11
4513461,1,107,10
4513462,1,107,9
4513463,1,107,8
4513464,1,107,7
4513465,1,107,6
4513466,1,107,5
4513467,1,107,4
4513468,1,107,3
4513469,1,107,2
4513470,1,107,1
4513471,1,102,3
4513472,1,143,6
4513473,1,158,2
4513474,1,159,7
4513475,1,150,16
4513476,1,101,8
4513477,1,150,15
4513478,1,111,4
4513479,1,111,14
4513480,1,159,8
4513481,1,128,11
4513482,1,192,4
4513483,1,178,5
4513484,1,166,9
4513485,1,177,9
4513486,1,177,4
4513487,1,116,8
4513488,1,193,6
4513489,1,676,11
4513490,1,676,9
4513491,1,676,13
4513492,1,676,17
4513493,1,671,10
4513494,1,671,9
4513495,1,671,8
4513496,1,671,12
4513497,1,177,5
4516376,1,5,22
4516377,1,5,7
4516378,1,5,1
4516379,1,5,4
4516380,1,5,10
4516381,1,5,9
4516382,1,5,2
4516383,1,5,12
4516384,1,5,15
4516385,1,5,5
4516386,1,5,20
4516387,1,5,13
4516388,1,5,27
4516389,1,18,12
4516390,1,5,6
4516391,1,56,3
4516392,1,15,12
4516393,1,55,12
4516394,1,17,9
4516395,1,43,1
4516396,1,21,10
4516397,1,56,1
4516398,1,987,2
4516399,1,355,1
4516400,1,18,10
4516401,1,56,2
4516402,1,214,16
4516403,1,43,2
4516404,1,17,1
4516405,1,18,1
4516406,1,21,1
4516407,1,57,11
4516408,1,43,3
4516409,1,355,10
4516410,1,15,11
4516411,2,984,1
4516412,1,988,2
4516413,1,15,13
4516414,1,57,2
4516415,1,18,15
4516416,1,17,6
4516417,1,21,4
4516418,1,994,1
4516419,1,17,3
4516420,1,18,13
4516421,1,5,14
4516422,1,21,11
4516423,1,56,6
4516424,1,56,9
4516425,1,55,2
4516426,1,18,3
4516427,1,56,8
4516428,1,994,2
4516429,1,5,11
4516430,1,57,1
4516431,1,995,2
4516432,1,21,2
4516433,1,21,5
4516434,1,355,4
4516435,1,18,2
4516436,1,55,11
4516437,1,43,5
4516438,1,355,9
4516439,1,17,10
4516440,1,21,12
4516441,1,21,3
4516442,1,355,3
4516443,1,17,2
4516444,1,5,31
4516445,1,981,1
4516446,1,355,6
4516447,1,17,7
4516448,1,56,4
4516449,1,355,12
4516450,1,5,3
4516451,1,57,10
4516452,1,15,3
4516453,1,15,14
4516454,1,5,36
4516455,1,55,13
4516456,1,18,4
4516457,1,5,23
4516458,1,56,7
4516459,1,18,11
4516460,1,56,5
4516461,1,55,14
4516462,1,355,8
4516463,1,15,1
4516464,1,57,3
4516465,1,18,14
4516466,1,55,1
4516467,1,55,10
4516468,1,355,13
4516469,1,40,1
4516470,1,40,3
4516471,1,40,2
4516472,1,40,4
4516473,1,40,7
4516474,1,40,5
4516475,1,40,9
4516476,1,40,6
4516477,1,40,8
4516478,1,40,15
4516479,1,40,10
4516480,1,40,12
4516481,1,40,17
4516482,1,40,16
4516483,1,40,19
4516484,1,40,14
4516485,1,40,23
4516486,1,40,24
4516487,1,40,25
4516488,1,40,26
4516489,1,40,27
4516490,1,40,30
4516491,1,40,29
4516492,1,5,19
4516493,1,5,29
4516494,1,5,32
4516495,1,17,4
4516496,1,5,26
4516497,1,15,4
4516498,1,40,31
4516499,1,40,21
4516500,1,15,5
4516501,1,5,33
4516502,1,40,35
4516503,1,214,20
4516504,1,214,19
4516505,1,214,18
4516506,1,214,17
4516507,1,214,3
4516508,1,214,1
4516509,1,214,7
4516510,1,40,13
4516511,1,40,11
4516512,1,214,5
4516513,1,214,15
4516514,1,214,14
4516515,1,214,13
4516516,1,214,12
4516517,1,214,11
4516518,1,214,6
4516519,1,214,4
4516520,1,214,2
4516521,1,355,14
4516522,1,675,1
4516523,1,675,2
4516524,1,675,3
4516525,1,675,4
4516526,1,675,6
4516527,1,675,7
4516528,1,675,5
4516529,1,675,8
4516530,1,675,11
4516531,1,675,10
4516532,1,675,9
4516533,1,675,12
4516534,1,675,14
4516535,1,675,15
4516536,1,675,16
4516537,1,675,19
4516538,1,675,17
4516539,1,675,20
4516540,1,675,22
4516541,1,675,23
4516542,1,675,24
4516543,1,675,26
4516544,1,675,27
4516545,1,675,28
4516546,1,675,30
4516547,1,675,31
4516548,1,675,33
4516549,1,675,34
4516550,1,675,35
4516551,1,675,36
4516552,1,675,38
4516553,1,675,40
4516554,1,5,28
4516555,1,56,10
4516556,1,5,21
4516557,1,21,13
4516558,1,355,5
4516559,1,21,14
4516560,1,355,2
4516561,1,40,18
4516562,1,214,8
4516563,1,675,25
4516564,1,675,21
4516565,1,675,37
4516566,1,675,39
4516567,1,673,1
4516568,1,673,27
4516569,1,673,2
4516570,1,673,4
4516571,1,673,3
4516572,1,673,6
4516573,1,673,24
4516574,1,673,5
4516575,1,673,7
4516576,1,673,31
4516577,1,673,8
4516578,1,673,10
4516579,1,673,28
4516580,1,673,11
4516581,1,673,12
4516582,1,673,30
4516583,1,673,14
4516584,1,673,13
4516585,1,673,16
4516586,1,673,17
4516587,1,673,18
4516588,1,673,26
4516589,1,673,32
4516590,1,673,21
4516591,1,673,29
4516592,1,673,9
4516593,1,673,15
4516594,1,673,25
4516595,1,43,6
4516596,1,5,17
4516597,1,15,15
4516598,1,673,35
4516599,1,673,34
4516600,1,5,34
4516601,1,674,28
4516602,1,40,37
4516603,1,673,22
4516604,1,675,13
4516605,1,673,19
4516606,1,673,20
4516607,1,55,9
4516608,1,15,16
4516609,1,674,29
4516610,1,5,30
4516611,1,5,35
4516612,1,40,22
4516613,1,40,20
4516614,1,106,1
4516615,1,106,3
4516616,1,106,9
4516617,1,106,10
4516618,1,106,12
4516619,1,106,2
4516620,1,106,5
4516621,1,106,14
4516622,1,106,11
4516623,1,106,6
4516624,1,106,4
4516625,1,106,7
4516626,1,106,8
4516627,1,106,13
4516628,1,106,16
4516629,1,5,37
4516630,1,5,16
4516631,1,55,15
4516632,1,5,18
4516633,1,71,1
4516634,1,71,2
4516635,1,71,3
4516636,1,125,1
4516637,1,125,2
4516638,1,125,4
4516639,1,125,5
4516640,1,15,2
4516641,1,17,8
4516642,1,5,24
4516643,1,21,15
4516644,1,675,18
4516645,1,675,32
4516646,1,675,29
4516647,1,673,23
4516648,1,40,28
4516649,1,40,32
4516650,1,40,34
4516651,1,40,36
4516652,1,40,33
4516653,1,60,1
4516654,1,60,2
4516655,1,60,3
4516656,1,60,4
4516657,1,60,5
4516658,1,60,6
4516659,1,60,7
4516660,1,60,8
4516661,1,60,9
4516662,1,60,10
4516663,1,60,11
4516664,1,60,12
4516665,1,60,13
4516666,1,60,14
4516667,1,125,3
4516668,1,355,7
4516669,1,674,26
4516670,1,674,2
4516671,1,674,1
4516672,1,674,18
4516673,1,674,4
4516674,1,674,3
4516675,1,674,7
4516676,1,674,20
4516677,1,674,5
4516678,1,674,9
4516679,1,674,6
4516680,1,674,21
4516681,1,674,27
4516682,1,674,8
4516683,1,674,24
4516684,1,674,10
4516685,1,674,14
4516686,1,674,19
4516687,1,674,11
4516688,1,674,12
4516689,1,674,22
4516690,1,674,13
4516691,1,674,15
4516692,1,674,16
4516693,1,674,17
4516694,1,674,23
4516695,1,674,25
4516696,1,106,15
4516697,1,5,25
4516698,1,995,1
4516699,1,980,1
4516700,1,988,1
4516701,1,987,1
4517231,1,599,41
4517232,1,599,46
4517233,1,599,1
4517234,1,599,3
4517235,1,599,6
4517236,1,599,7
4517237,1,599,42
4517238,1,599,53
4517239,1,599,9
4517240,1,599,51
4517241,1,599,4
4517242,1,599,57
4517243,1,599,10
4517244,1,599,54
4517245,1,599,44
4517246,1,599,45
4517247,1,599,52
4517248,1,599,8
4517249,1,599,11
4517250,1,599,12
4517251,1,599,55
4517252,1,599,47
4517253,1,599,56
4517257,1,599,43
4517258,1,599,5
4517259,1,599,2
4532857,1,12,1
4532858,1,12,2
4532859,1,12,3
4532860,1,12,4
4532861,1,12,5
4532862,1,12,6
4532863,1,12,7
4532864,1,12,8
4532865,1,12,9
4532866,1,12,10
4532867,1,36,1
4532868,1,36,2
4532869,1,36,3
4532870,1,36,5
4532871,1,36,6
4532872,1,36,8
4532873,1,36,9
4532874,1,36,10
4532875,1,36,11
4532876,1,36,12
4532877,1,36,13
4532878,1,36,14
4532879,1,36,17
4532880,1,36,18
4532881,1,36,19
4532882,1,36,21
4532883,1,36,23
4532884,1,47,1
4532885,1,47,2
4532886,1,47,3
4532887,1,36,4
4532888,1,36,7
4532889,1,44,1
4532890,1,44,2
4532891,1,44,3
4532892,1,44,5
4532893,1,44,6
4532894,1,44,7
4532895,1,44,8
4532896,1,44,9
4532897,1,44,10
4532898,1,44,11
4532899,1,44,12
4532900,1,44,13
4532901,1,44,14
4532902,1,44,15
4532903,1,44,16
4532904,1,44,17
4532905,1,44,18
4532906,1,44,19
4532907,1,44,20
4532908,1,120,34
4532909,1,44,21
4532910,1,44,22
4532911,1,120,1
4532912,1,120,3
4532913,1,120,4
4532914,1,120,5
4532915,1,120,6
4532916,1,120,7
4532917,1,120,8
4532918,1,120,9
4532919,1,120,10
4532920,1,120,11
4532921,1,120,12
4532922,1,120,13
4532923,1,120,14
4532924,1,120,15
4532925,1,120,16
4532926,1,120,17
4532927,1,120,18
4532928,1,120,21
4532929,1,120,22
4532930,1,120,23
4532931,1,120,24
4532932,1,120,25
4532933,1,120,26
4532934,1,120,27
4532935,1,120,28
4532936,1,120,29
4532937,1,120,30
4532938,1,120,31
4532939,1,120,32
4532940,1,10,1
4532941,1,10,10
4532942,1,10,2
4532943,1,10,3
4532944,1,10,4
4532945,1,10,5
4532946,1,10,6
4532947,1,10,7
4532948,1,10,8
4532949,1,10,9
4532950,1,36,20
4532951,1,70,1
4532952,1,44,4
4532953,1,70,2
4532954,1,70,3
4532955,1,70,4
4532956,1,70,6
4532957,1,70,7
4532958,1,70,9
4532959,1,70,10
4532960,1,70,11
4532961,1,70,12
4532962,1,70,15
4532963,1,70,16
4532964,1,70,17
4532965,1,70,18
4532966,1,70,20
4532967,1,120,2
4532968,1,70,8
4532969,1,70,5
4532970,1,120,19
4532971,1,70,13
4532972,1,70,14
4532973,1,1,1
4532974,1,1,2
4532975,1,1,3
4532976,1,1,4
4532977,1,1,5
4532978,1,1,6
4532979,1,1,7
4532980,1,1,8
4532981,1,1,9
4532982,1,1,10
4532983,1,1,11
4532984,1,1,12
4532985,1,1,13
4532986,1,7,1
4532987,1,7,2
4532988,1,7,3
4532989,1,7,4
4532990,1,7,5
4532991,1,7,6
4532992,1,7,7
4532993,1,7,8
4532994,1,7,9
4532995,1,7,10
4532996,1,7,11
4532997,1,7,12
4532998,1,7,13
4532999,1,7,14
4533000,1,7,15
4533001,1,7,16
4533002,1,7,17
4533003,1,7,18
4533004,1,7,19
4533005,1,7,20
4533006,1,7,21
4533007,1,7,22
4533008,1,7,23
4533009,1,7,24
4533010,1,7,25
4533011,1,7,26
4533012,1,7,27
4533013,1,7,28
4533014,1,7,30
4533015,1,36,15
4533016,1,36,16
4533017,1,36,22
4533018,1,2,2
4533019,1,2,1
4533020,1,2,3
4533021,1,2,4
4533022,1,2,5
4533023,1,2,6
4533024,1,2,7
4533025,1,2,8
4533026,1,2,9
4533027,1,2,10
4533028,1,2,11
4533029,1,2,13
4533030,1,2,14
4533031,1,2,15
4533032,1,2,17
4533033,1,2,18
4533034,1,2,19
4533035,1,2,20
4533036,1,3,24
4533037,1,2,12
4533038,1,70,19
4533039,1,3,1
4533040,1,3,2
4533041,1,3,3
4533042,1,3,4
4533043,1,3,5
4533044,1,3,8
4533045,1,3,9
4533046,1,3,10
4533047,1,3,7
4533048,1,3,11
4533049,1,3,12
4533050,1,3,13
4533051,1,3,14
4533052,1,3,15
4533053,1,3,16
4533054,1,3,17
4533055,1,3,18
4533056,1,3,19
4533057,1,3,20
4533058,1,3,22
4533059,1,3,23
4533060,1,2,16
4533061,1,3,6
4533062,1,3,21
4533063,1,7,31
4533064,1,7,29
4534854,1,235,1
4534855,1,235,4
4534856,1,235,7
4534857,1,234,3
4534858,1,235,2
4534859,1,235,3
4534860,1,235,5
4534861,1,234,1
4534862,1,232,2
4534863,1,232,3
4534864,1,269,3
4534865,1,234,2
4534866,1,277,7
4534867,1,232,5
4534868,1,232,6
4534869,1,237,4
4534870,1,237,3
4534871,1,232,1
4534872,1,269,1
4534873,1,277,1
4534874,1,271,9
4534875,1,269,4
4534876,1,269,7
4534877,1,277,2
4534878,1,237,2
4534879,1,277,3
4534880,1,269,5
4534881,1,269,8
4534882,1,269,11
4534883,1,226,2
4534884,1,221,2
4534885,1,221,3
4534886,1,221,4
4534887,1,244,6
4534888,1,244,7
4534889,1,232,4
4534890,1,248,1
4534891,1,237,5
4534892,1,269,9
4534893,1,237,1
4534894,1,269,10
4534895,1,342,1
4534896,1,269,2
4534897,1,204,1
4534898,1,204,2
4534899,1,201,1
4534900,1,269,6
4534901,1,271,8
4534902,1,221,5
4534903,1,226,1
4534904,1,241,2
4534905,1,271,2
4534906,1,241,3
4534907,1,208,1
4534908,1,224,1
4534909,1,249,2
4534910,1,249,3
4534911,1,249,4
4534912,1,249,6
4534913,1,249,1
4534914,1,246,2
4534915,1,246,1
4534916,1,342,2
4534917,1,277,9
4534918,1,277,10
4534919,1,277,8
4534920,1,244,8
4534921,1,245,1
4534922,1,245,2
4534923,1,245,5
4534924,1,245,4
4534925,1,245,6
4534926,1,245,7
4534927,1,245,8
4534928,1,245,9
4534929,1,245,10
4534930,1,245,11
4534931,1,235,6
4534932,1,226,3
4534933,1,245,3
4534934,1,221,1
4534935,1,241,1
4534936,1,245,12
4534937,1,200,2
4534938,1,200,1
4534939,1,240,1
4534940,1,240,2
4534941,1,240,3
4534942,1,240,4
4534943,1,240,5
4534944,1,240,6
4534945,1,240,7
4534946,1,240,8
4534947,1,240,9
4534948,1,240,10
4534949,1,240,11
4534950,1,241,4
4534951,1,236,5
4534952,1,236,6
4534953,1,236,10
4534954,1,236,4
4534955,1,236,11
4534956,1,236,8
4534957,1,236,7
4534958,1,236,3
4534959,1,236,2
4534960,1,236,1
4534961,1,236,9
4534962,1,244,1
4534963,1,244,2
4534964,1,244,3
4534965,1,244,4
4534966,1,249,7
4534967,1,249,5
4534968,1,248,2
4534969,1,248,3
4534970,1,271,1
4534971,1,271,26
4534972,1,271,3
4534973,1,271,5
4534974,1,271,4
4534975,1,271,6
4534976,1,271,7
4534977,1,271,10
4534978,1,271,27
4534979,1,271,11
4534980,1,271,13
4534981,1,271,15
4534982,1,271,17
4534983,1,271,16
4534984,1,271,24
4534985,1,271,18
4534986,1,271,19
4534987,1,271,20
4534988,1,271,21
4534989,1,271,23
4534990,1,271,22
4534991,1,271,25
4534992,1,269,12
4534993,1,232,7
4534994,1,244,5
4534995,1,271,28
4534996,1,271,14
4534997,1,271,12
4535000,1,886,1
4535001,1,887,1
4535002,1,889,1
4535003,1,891,1
4535004,1,893,1
4535005,1,894,1
4535006,1,895,1
4536262,1,167,1
4536263,1,167,3
4536264,1,167,4
4536265,1,167,2
4536266,1,113,5
4536267,1,113,2
4536268,1,113,3
4536269,1,113,1
4536270,1,37,2
4536271,1,37,1
4536272,1,37,3
4536273,1,37,6
4536274,1,37,7
4536275,1,113,4
4536276,1,37,8
4536277,1,37,4
4536278,1,37,5
4536279,1,121,1
4536280,1,123,3
4536281,1,121,2
4536282,1,122,5
4536283,1,121,4
4536284,1,121,12
4536285,1,121,16
4536286,1,121,3
4536287,1,121,5
4536288,1,121,13
4536289,1,48,4
4536290,1,123,1
4536291,1,122,2
4536292,1,122,3
4536293,1,121,15
4536294,1,121,10
4536295,1,121,14
4536296,1,121,11
4536297,1,123,2
4536298,1,26,12
4536299,1,121,6
4536300,1,121,7
4536301,1,121,9
4536302,1,29,1
4536303,1,29,12
4536304,1,29,10
4536305,1,29,2
4536306,1,29,8
4536307,1,29,3
4536308,1,29,11
4536309,1,29,4
4536310,1,29,9
4536311,1,29,5
4536312,1,29,7
4536313,1,11,5
4536314,1,11,3
4536315,1,11,2
4536316,1,11,1
4536317,1,48,1
4536318,1,48,2
4536319,1,48,3
4536320,1,48,5
4536321,1,48,7
4536322,1,48,8
4536323,1,48,9
4536324,1,48,10
4536325,1,48,11
4536326,1,48,12
4536327,1,48,14
4536328,1,48,15
4536329,1,26,1
4536330,1,28,9
4536331,1,26,20
4536332,1,122,1
4536333,1,28,10
4536334,1,28,1
4536335,1,28,20
4536336,1,28,2
4536337,1,26,2
4536338,1,28,4
4536339,1,26,16
4536340,1,28,3
4536341,1,28,26
4536342,1,26,3
4536343,1,26,4
4536344,1,28,5
4536345,1,28,6
4536346,1,28,8
4536347,1,28,7
4536348,1,26,5
4536349,1,26,6
4536350,1,26,8
4536351,1,28,23
4536352,1,28,11
4536353,1,26,9
4536354,1,28,13
4536355,1,26,17
4536356,1,28,14
4536357,1,28,21
4536358,1,26,11
4536359,1,26,19
4536360,1,28,24
4536361,1,28,16
4536362,1,28,17
4536363,1,28,18
4536364,1,26,18
4536365,1,28,22
4536366,1,64,5
4536367,1,64,8
4536368,1,64,6
4536369,1,64,7
4536370,1,64,4
4536371,1,64,3
4536372,1,8,1
4536373,1,8,2
4536374,1,8,3
4536375,1,8,4
4536376,1,8,5
4536377,1,8,6
4536378,1,8,7
4536379,1,8,9
4536380,1,8,10
4536381,1,8,11
4536382,1,8,13
4536383,1,8,14
4536384,1,8,16
4536385,1,62,2
4536386,1,62,3
4536387,1,64,1
4536388,1,62,4
4536389,1,62,5
4536390,1,62,6
4536391,1,62,7
4536392,1,64,2
4536393,1,62,8
4536394,1,62,1
4536395,1,62,9
4536396,1,62,11
4536397,1,62,12
4536398,1,62,10
4536399,1,62,14
4536400,1,62,15
4536401,1,62,18
4536402,1,62,19
4536403,1,62,20
4536404,1,62,21
4536405,1,62,22
4536406,1,62,23
4536407,1,62,24
4536408,1,11,6
4536409,1,11,4
4536410,1,28,25
4536411,1,19,2
4536412,1,124,23
4536413,1,19,3
4536414,1,124,25
4536415,1,124,1
4536416,1,124,2
4536417,1,124,3
4536418,1,124,5
4536419,1,124,4
4536420,1,124,7
4536421,1,124,8
4536422,1,124,9
4536423,1,124,15
4536424,1,24,1
4536425,1,24,3
4536426,1,27,6
4536427,1,27,1
4536428,1,124,6
4536429,1,27,2
4536430,1,27,3
4536431,1,124,10
4536432,1,124,11
4536433,1,27,4
4536434,1,28,12
4536435,1,124,16
4536436,1,124,17
4536437,1,124,22
4536438,1,124,24
4536439,1,48,6
4536440,1,8,12
4536441,1,9,1
4536442,1,9,2
4536443,1,9,3
4536444,1,8,8
4536445,1,9,5
4536446,1,9,6
4536447,1,9,7
4536448,1,9,8
4536449,1,9,4
4536450,1,124,19
4536451,1,26,13
4536452,1,63,1
4536453,1,63,2
4536454,1,63,5
4536455,1,63,3
4536456,1,63,6
4536457,1,63,4
4536458,1,124,21
4536459,1,124,12
4536460,1,124,14
4536461,1,124,18
4536462,1,27,5
4536463,1,124,20
4536464,1,124,13
4536465,1,19,1
4536466,1,27,7
4536467,1,62,16
4536468,1,303,1
4536469,1,303,2
4536470,1,303,3
4536471,1,303,4
4536472,1,303,5
4536473,1,303,6
4536474,1,303,7
4536475,1,303,8
4536476,1,303,9
4536477,1,303,10
4536478,1,303,12
4536479,1,303,11
4536480,1,29,13
4536481,1,29,6
4536482,1,26,10
4536483,1,28,15
4536484,1,24,2
4536485,1,63,7
4536486,1,121,8
4536487,1,303,13
4536488,1,122,4
4536489,1,45,1
4536490,1,45,2
4536491,1,45,3
4536492,1,45,4
4536493,1,45,5
4536494,1,45,6
4536495,1,45,7
4536496,1,45,9
4536497,1,45,8
4536498,1,45,11
4536499,1,45,10
4536500,1,45,12
4536501,1,45,14
4536502,1,45,15
4536503,1,45,17
4536504,1,45,16
4536505,1,45,19
4536506,1,45,20
4536507,1,45,18
4536508,1,45,21
4536509,1,45,13
4536510,1,26,7
4536511,1,62,13
4536512,1,123,4
4536513,1,48,16
4536514,1,62,17
4536515,1,48,13
4536516,1,8,17
4536517,1,8,15
4536518,1,26,15
4536519,1,28,19
4536520,1,26,14
4536521,1,99,1
4536522,1,99,2
4536523,1,99,4
4536524,1,99,3
4536525,1,63,8
4562624,1,77,13
4562625,1,301,16
4582424,1,973,1
4582425,2,973,2
4582426,1,775,1
4582427,1,773,3
4582428,1,773,2
4582429,1,773,1
4582430,1,775,2
4590962,1,12,2
4590963,1,12,3
4590964,1,12,4
4590965,1,12,1
4590966,1,47,1
4590967,1,7,1
4590968,1,7,2
4590969,1,7,3
4590970,1,7,4
4590971,1,7,5
4590972,1,7,6
4590973,1,7,7
4590974,1,7,8
4590975,1,7,9
4590976,1,7,10
4590977,1,7,11
4590978,1,7,12
4590979,1,7,13
4590980,1,7,14
4590981,1,7,15
4590982,1,7,16
4590983,1,7,17
4590984,1,7,18
4590985,1,7,19
4590986,1,7,20
4590987,1,7,21
4590988,1,44,1
4590989,1,44,2
4590990,1,44,3
4590991,1,44,4
4590992,1,44,5
4590993,1,44,6
4590994,1,44,7
4590995,1,44,8
4590996,1,44,9
4590997,1,120,1
4590998,1,120,2
4590999,1,120,3
4591000,1,120,4
4591001,1,120,5
4591002,1,120,6
4591003,1,120,7
4591004,1,120,8
4591005,1,120,9
4591006,1,120,10
4591007,1,120,11
4591008,1,120,12
4591009,1,120,13
4591010,1,120,14
4591011,1,120,15
4591012,1,120,16
4591013,1,120,17
4591014,1,120,18
4591015,1,36,1
4591016,1,36,2
4591017,1,36,3
4591018,1,36,4
4591019,1,36,5
4591020,1,36,6
4591021,1,36,10
4591022,1,36,11
4591023,1,70,2
4591024,1,70,3
4591025,1,70,4
4591026,1,70,5
4591027,1,70,6
4591028,1,70,7
4591029,1,10,1
4591030,1,10,2
4591031,1,10,3
4591032,1,10,4
4591033,1,36,7
4591034,1,36,8
4591035,1,36,9
4591036,1,2,2
4591037,1,2,4
4591038,1,2,5
4591039,1,2,6
4591040,1,2,8
4591041,1,2,9
4591042,1,1,1
4591043,1,1,2
4591044,1,1,4
4591045,1,1,5
4591046,1,1,6
4591047,1,1,7
4591048,1,70,1
4591049,1,3,7
4591050,1,3,8
4591051,1,3,9
4591052,1,3,6
4591053,1,3,5
4591054,1,3,3
4591055,1,3,2
4591056,1,3,1
4591057,1,3,4
4591058,1,3,10
4591059,1,1,3
4591060,1,2,3
4591061,1,2,7
4591062,1,2,1
4591063,1,12,1
4591064,1,47,1
4591065,1,12,2
4591066,1,7,1
4591067,1,7,2
4591068,1,7,3
4591069,1,7,4
4591070,1,7,5
4591071,1,7,6
4591072,1,7,7
4591073,1,7,8
4591074,1,7,9
4591075,1,7,10
4591076,1,7,11
4591077,1,7,12
4591078,1,7,13
4591079,1,7,14
4591080,1,7,15
4591081,1,7,16
4591082,1,7,17
4591083,1,7,18
4591084,1,7,19
4591085,1,7,20
4591086,1,44,2
4591087,1,44,3
4591088,1,44,4
4591089,1,44,5
4591090,1,44,6
4591091,1,44,7
4591092,1,44,1
4591093,1,120,2
4591094,1,120,3
4591095,1,120,4
4591096,1,120,5
4591097,1,120,6
4591098,1,120,7
4591099,1,120,1
4591100,1,36,1
4591101,1,36,2
4591102,1,36,3
4591103,1,36,4
4591104,1,36,5
4591105,1,36,6
4591106,1,36,7
4591107,1,36,8
4591108,1,36,9
4591109,1,10,1
4591110,1,10,2
4591111,1,10,3
4591112,1,10,4
4591113,1,1,1
4591114,1,1,2
4591115,1,1,3
4591116,1,1,4
4591117,1,1,5
4591118,1,70,2
4591119,1,70,6
4591120,1,70,1
4591121,1,70,4
4591122,1,70,5
4591123,1,70,3
4591124,1,2,1
4591125,1,2,2
4591126,1,2,3
4591127,1,2,4
4591128,1,3,1
4591129,1,3,2
4591130,1,3,3
4591131,1,3,4
4591132,1,3,5
4591133,1,3,6
4591134,1,3,7
4591135,1,3,8
4591136,1,3,9
4591137,1,12,1
4591138,1,12,2
4591139,1,12,3
4591140,1,12,4
4591141,1,12,5
4591142,1,12,6
4591143,1,12,7
4591144,1,12,8
4591145,1,12,9
4591146,1,12,10
4591147,1,36,1
4591148,1,36,2
4591149,1,36,3
4591150,1,36,6
4591151,1,36,8
4591152,1,36,9
4591153,1,36,10
4591154,1,36,11
4591155,1,36,12
4591156,1,36,13
4591157,1,36,14
4591158,1,36,17
4591159,1,36,19
4591160,1,36,21
4591161,1,36,23
4591162,1,47,1
4591163,1,47,2
4591164,1,47,3
4591165,1,36,4
4591166,1,36,7
4591167,1,120,28
4591168,2,120,1
4591169,1,120,3
4591170,1,120,4
4591171,2,120,5
4591172,1,120,6
4591173,1,120,7
4591174,1,120,8
4591175,1,120,9
4591176,1,120,10
4591177,1,120,11
4591178,1,120,12
4591179,1,120,13
4591180,1,120,14
4591181,1,120,15
4591182,1,120,16
4591183,1,120,17
4591184,1,120,18
4591185,1,120,21
4591186,1,120,22
4591187,1,120,23
4591188,1,120,24
4591189,1,120,25
4591190,2,120,26
4591191,1,120,27
4591192,1,120,29
4591193,1,120,30
4591194,1,120,31
4591195,1,120,32
4591196,1,120,33
4591197,1,10,1
4591198,1,10,10
4591199,1,10,2
4591200,1,10,3
4591201,1,10,4
4591202,1,10,5
4591203,1,10,6
4591204,1,10,7
4591205,1,10,8
4591206,1,10,9
4591207,1,36,20
4591208,1,120,2
4591209,1,120,19
4591210,1,36,15
4591211,1,36,16
4591212,1,36,22
4591213,1,2,2
4591214,1,2,1
4591215,1,2,3
4591216,1,2,4
4591217,1,2,5
4591218,1,2,6
4591219,1,2,7
4591220,1,2,8
4591221,1,2,9
4591222,1,2,10
4591223,1,2,11
4591224,1,2,13
4591225,1,2,14
4591226,1,2,15
4591227,1,2,17
4591228,1,2,18
4591229,1,2,19
4591230,1,2,12
4591231,1,3,2
4591232,1,3,4
4591233,1,3,5
4591234,1,3,8
4591235,1,3,9
4591236,1,3,10
4591237,1,3,7
4591238,1,3,11
4591239,1,3,12
4591240,1,3,13
4591241,1,3,16
4591242,1,3,15
4591243,1,3,17
4591244,1,3,18
4591245,1,3,19
4591246,1,3,21
4591247,1,3,24
4591248,1,2,16
4591249,1,3,6
4591250,1,3,20
4591251,1,1,1
4591252,1,1,2
4591253,1,1,3
4591254,1,1,4
4591255,1,1,5
4591256,1,1,6
4591257,1,1,7
4591258,1,1,8
4591259,1,1,9
4591260,1,1,10
4591261,1,1,11
4591262,1,1,12
4591263,1,1,13
4591264,1,3,1
4591265,1,3,3
4591266,1,70,19
4591267,1,70,18
4591268,1,70,13
4591269,1,70,10
4591270,1,70,16
4591271,1,70,15
4591272,1,70,8
4591273,1,70,12
4591274,1,70,3
4591275,1,70,11
4591276,1,70,9
4591277,1,70,5
4591278,1,70,7
4591279,1,70,1
4591280,1,70,4
4591281,1,70,14
4591282,1,70,17
4591283,1,70,2
4591284,1,44,1
4591285,1,70,6
4591286,1,70,20
4591287,1,36,18
4591288,1,36,5
4591289,1,3,22
4591290,1,3,14
4591291,1,44,5
4591292,1,44,9
4591293,1,44,10
4591294,1,44,12
4591295,1,44,19
4591296,1,44,2
4591297,1,44,3
4591298,1,44,4
4591299,1,44,6
4591300,1,44,7
4591301,1,44,8
4591302,1,44,11
4591303,1,44,13
4591304,1,44,14
4591305,1,44,15
4591306,1,44,16
4591307,1,44,17
4591308,1,44,18
4591309,1,44,20
4591310,1,3,25
4591311,1,7,31
4591312,1,7,33
4591314,1,7,30
4591315,1,7,29
4591316,1,7,32
4591317,1,7,23
4591318,1,7,28
4591319,1,7,25
4591320,1,7,24
4591321,1,7,21
4591322,1,7,22
4591323,1,7,18
4591324,1,7,19
4591325,1,7,20
4591326,1,7,15
4591327,1,7,13
4591328,1,7,14
4591329,1,7,12
4591330,1,7,11
4591331,1,7,10
4591332,1,7,9
4591333,1,7,7
4591334,1,7,6
4591335,1,7,8
4591336,1,7,4
4591337,1,7,3
4591338,1,7,2
4591339,1,7,5
4591340,1,7,17
4591341,1,7,1
4591342,1,3,23
4591343,1,7,27
4591344,1,2,20
4591345,1,7,16
4591346,1,248,2
4591347,1,248,3
4591348,1,248,4
4591349,1,248,5
4591350,1,248,6
4591351,1,248,7
4591352,1,248,1
4591353,1,271,5
4591354,1,271,6
4591355,1,271,4
4591356,1,271,2
4591357,1,271,1
4591358,1,271,7
4591359,1,271,3
4591360,1,235,1
4591361,1,235,2
4591362,1,234,1
4591363,1,234,2
4591364,1,226,6
4591365,1,221,1
4591366,1,221,2
4591367,1,221,3
4591368,1,221,4
4591369,1,226,3
4591370,1,208,1
4591371,1,249,2
4591372,1,249,3
4591373,1,249,1
4591374,1,240,4
4591375,1,240,3
4591376,1,240,2
4591377,1,240,1
4591378,1,240,6
4591379,1,245,2
4591380,1,245,3
4591381,1,245,4
4591382,1,245,1
4591383,1,245,5
4591384,1,240,5
4591385,1,226,4
4591386,1,226,5
4591387,1,226,2
4591388,1,226,1
4591424,1,271,1
4591425,1,271,14
4591426,1,235,1
4591427,1,234,5
4591428,1,235,5
4591429,1,234,3
4591430,1,234,4
4591431,1,235,2
4591432,1,235,3
4591433,1,234,1
4591434,1,269,2
4591435,2,232,2
4591436,1,271,11
4591437,1,232,3
4591438,2,269,4
4591439,1,234,2
4591440,1,271,28
4591441,1,271,25
4591442,2,232,6
4591443,1,232,7
4591444,1,232,8
4591445,1,236,11
4591446,1,237,2
4591447,2,232,1
4591448,1,269,1
4591449,1,271,3
4591450,1,271,4
4591451,1,271,5
4591452,1,271,6
4591453,1,271,10
4591454,1,269,6
4591455,1,244,1
4591456,1,237,1
4591457,1,277,1
4591458,1,269,7
4591459,1,221,2
4591460,1,221,3
4591461,1,271,15
4591462,1,243,6
4591463,1,243,7
4591464,1,232,4
4591465,1,248,2
4591466,1,248,3
4591467,1,248,1
4591468,1,271,9
4591469,1,271,13
4591470,1,271,18
4591471,1,269,3
4591472,1,271,19
4591473,2,204,1
4591474,1,204,2
4591475,1,201,1
4591476,1,271,8
4591477,1,226,1
4591478,1,271,2
4591479,1,208,1
4591480,1,224,1
4591481,1,249,2
4591482,1,249,3
4591483,1,249,4
4591484,1,249,6
4591485,1,249,1
4591486,1,895,1
4591487,1,894,1
4591488,1,891,1
4591489,1,889,1
4591490,1,246,2
4591491,1,246,1
4591492,1,342,1
4591493,1,244,2
4591494,1,243,8
4591495,1,245,1
4591496,1,245,2
4591497,1,245,5
4591498,1,245,4
4591499,1,245,6
4591500,1,245,7
4591501,1,245,8
4591502,1,245,9
4591503,1,245,10
4591504,1,245,11
4591505,1,893,1
4591506,1,235,4
4591507,1,245,3
4591508,1,221,1
4591509,1,226,5
4591510,1,245,12
4591511,1,271,23
4591512,1,200,1
4591513,1,240,1
4591514,1,240,2
4591515,1,240,3
4591516,1,240,4
4591517,1,240,5
4591518,1,240,7
4591519,1,240,8
4591520,1,240,9
4591521,1,240,10
4591522,1,226,7
4591523,1,238,1
4591524,1,236,5
4591525,1,236,4
4591526,1,236,10
4591527,1,236,7
4591528,1,236,6
4591529,1,236,3
4591530,1,236,2
4591531,1,236,1
4591532,1,236,8
4591533,1,887,1
4591534,1,886,1
4591535,1,271,12
4591536,1,232,5
4591537,1,271,22
4591538,1,243,5
4591539,1,243,1
4591540,1,243,2
4591541,1,243,3
4591542,1,243,4
4591543,1,249,7
4591544,1,249,5
4591545,1,271,7
4591546,1,271,20
4591547,1,114,11
4591548,1,114,9
4591549,1,114,8
4591550,1,114,6
4591551,1,114,4
4591552,1,269,5
4591553,1,114,1
4591554,1,114,3
4591555,1,114,5
4591556,1,114,7
4591557,1,114,10
4591558,1,114,2
4591559,1,221,5
4591560,1,271,17
4591561,1,221,6
4591562,1,271,24
4591563,1,271,27
4591564,1,200,2
4591565,1,271,16
4591566,1,221,4
4591567,1,226,8
4591568,1,226,6
4591569,1,236,9
4591570,1,271,30
4591571,1,240,11
4591572,1,271,26
4591573,1,237,3
4591574,1,269,9
4591575,1,271,21
4591576,1,269,8
4591577,1,271,29
4591578,1,277,2
4591579,1,240,6
4591580,1,226,4
4591581,1,226,2
4591582,1,226,3
4592429,1,522,1
4592430,1,522,2
4592431,1,522,3
4592432,1,522,4
4592433,1,522,5
4592434,1,522,6
4592435,1,545,1
4592436,1,545,2
4592437,1,545,3
4592438,1,545,4
4592439,1,545,5
4592440,1,545,6
4592441,1,554,1
4592442,1,554,2
4592443,1,554,3
4592444,1,554,4
4592445,1,554,5
4592446,1,554,6
4592447,1,554,7
4592448,1,672,1
4592449,1,672,2
4592450,1,672,3
4592451,1,672,4
4592452,1,672,5
4592453,1,672,6
4592454,1,672,8
4592455,1,522,7
4592456,1,672,7
4592457,1,255,1
4592458,1,255,2
4592459,1,255,3
4592460,1,255,4
4592461,1,255,5
4592462,1,255,6
4592463,1,255,7
4592464,1,255,8
4592465,1,550,1
4592466,1,550,2
4592467,1,550,3
4592468,1,550,4
4592469,1,550,5
4592470,1,550,6
4592471,1,550,7
4592472,1,545,7
4592473,1,522,1
4592474,1,522,2
4592475,1,522,3
4592476,1,522,4
4592477,1,522,5
4592478,1,522,6
4592479,1,522,7
4592480,1,545,1
4592481,1,545,2
4592482,1,545,3
4592483,1,545,4
4592484,1,545,5
4592485,1,545,6
4592486,1,554,1
4592487,1,554,2
4592488,1,554,3
4592489,1,554,4
4592490,1,554,5
4592491,1,554,6
4592492,1,554,7
4592493,1,672,1
4592494,1,672,2
4592495,1,672,3
4592496,1,672,4
4592497,1,672,5
4592498,1,672,6
4592499,1,672,7
4592500,1,255,1
4592501,1,255,2
4592502,1,255,3
4592503,1,255,4
4592504,1,255,5
4592505,1,255,6
4592506,1,550,1
4592507,1,550,2
4592508,1,550,3
4592509,1,550,4
4592510,1,550,5
4592511,1,550,6
4592512,1,550,7
4592854,1,96,1
4592855,1,96,2
4592856,1,96,4
4592857,1,96,3
4592858,1,96,1
4592859,1,96,2
4592860,1,96,3
4592861,1,96,2
4592862,1,96,6
4592863,1,96,3
4592864,1,96,4
4592865,1,96,5
4592866,1,96,1
4592917,1,75,12
4592918,1,75,4
4592919,1,75,3
4592920,1,75,8
4592921,1,75,1
4592922,1,75,7
4592923,1,75,2
4592924,1,75,9
4592925,1,75,11
4592926,1,75,10
4592927,1,75,5
4592928,1,65,7
4592929,1,65,9
4592930,1,65,8
4592931,1,65,4
4592932,1,65,6
4592933,1,65,5
4592934,1,65,11
4592935,1,65,10
4592936,1,75,6
4592937,1,41,1
4592938,1,41,3
4592939,1,41,4
4592940,1,41,5
4592941,1,41,6
4592942,1,41,7
4592943,1,73,1
4592944,1,73,2
4592945,1,73,3
4592946,1,331,1
4592947,1,331,2
4592948,1,331,3
4592949,1,331,4
4592950,1,331,5
4592951,1,331,6
4592952,1,331,7
4592953,1,331,8
4592954,1,331,9
4592955,1,346,1
4592956,1,346,2
4592957,1,346,3
4592958,1,346,4
4592959,1,346,5
4592960,1,346,6
4592961,1,372,1
4592962,1,372,2
4592963,1,372,3
4592964,1,372,4
4592965,1,372,5
4592966,1,65,3
4592967,1,65,1
4592968,1,65,2
4592969,1,41,8
4592970,1,41,9
4592971,1,41,10
4592972,1,65,13
4592973,1,75,13
4592974,1,65,12
4592975,1,41,2
4592976,1,372,6
4592977,1,372,1
4592978,1,372,2
4592979,1,372,4
4592980,1,372,3
4592981,1,65,4
4592982,1,65,5
4592983,1,65,6
4592984,1,65,7
4592985,1,65,8
4592986,1,75,1
4592987,1,75,2
4592988,1,75,3
4592989,1,75,4
4592990,1,75,5
4592991,1,75,6
4592992,1,41,2
4592993,1,41,3
4592994,1,41,4
4592995,1,73,1
4592996,1,73,2
4592997,1,73,3
4592998,1,331,1
4592999,1,331,2
4593000,1,331,3
4593001,1,331,4
4593002,1,331,5
4593003,1,331,6
4593004,1,331,7
4593005,1,331,8
4593006,1,331,9
4593007,1,331,10
4593008,1,65,1
4593009,1,65,2
4593010,1,75,7
4593011,1,41,5
4593012,1,65,10
4593013,1,65,9
4593014,1,65,3
4593015,1,41,1
4593016,1,41,6
4593017,1,41,7
4593018,1,41,8
4593019,1,41,9
4593020,1,41,10
4593021,1,75,8
4594336,1,98,1
4594337,1,98,2
4594338,1,98,1
4594339,1,98,2
4594340,1,98,1
4594341,1,98,2
4594342,1,98,3
4601104,1,98,1
4601105,1,98,2
4601106,1,98,3
4602581,1,675,3
4602582,1,675,4
4602583,1,675,5
4602584,1,675,6
4602585,1,675,7
4602586,1,675,9
4602587,1,675,10
4602588,1,673,2
4602589,1,673,3
4602590,1,673,4
4602591,1,673,5
4602592,1,673,6
4602593,1,673,8
4602594,1,674,3
4602595,1,674,2
4602596,1,674,4
4602597,1,674,6
4602598,1,674,8
4602599,1,674,9
4602600,1,673,14
4602601,1,673,9
4602602,1,673,7
4602603,1,673,10
4602604,1,673,12
4602605,1,673,11
4602606,1,674,5
4602607,1,5,2
4602608,1,5,3
4602609,1,5,4
4602610,1,5,5
4602611,1,5,6
4602612,1,5,7
4602613,1,5,8
4602614,1,5,9
4602615,1,5,10
4602616,1,5,11
4602617,1,5,12
4602618,1,5,13
4602619,1,5,14
4602620,1,5,15
4602621,1,5,16
4602622,1,5,17
4602623,1,5,18
4602624,1,5,19
4602625,1,5,20
4602626,1,5,23
4602627,1,5,22
4602628,1,5,24
4602629,1,40,1
4602630,1,40,2
4602631,1,40,3
4602632,1,40,4
4602633,1,40,5
4602634,1,40,6
4602635,1,40,7
4602636,1,40,8
4602637,1,40,9
4602638,1,40,10
4602639,1,40,11
4602640,1,40,12
4602641,1,40,13
4602642,1,40,14
4602643,1,40,15
4602644,1,60,1
4602645,1,60,2
4602646,1,60,3
4602647,1,60,4
4602648,1,60,5
4602649,1,106,1
4602650,1,106,2
4602651,1,106,3
4602652,1,106,4
4602653,1,106,5
4602654,1,106,6
4602655,1,125,1
4602656,1,125,2
4602657,1,125,3
4602658,1,5,1
4602659,1,673,1
4602660,1,60,6
4602661,1,674,1
4602662,1,674,7
4602663,1,675,2
4602664,1,675,1
4602665,1,675,15
4602666,1,675,14
4602667,1,675,8
4602668,1,673,13
4602669,1,674,11
4602670,1,674,10
4602671,1,675,13
4602672,1,40,16
4602673,1,675,12
4602674,1,675,11
4602675,1,5,21
4603309,1,248,7
4603310,1,248,5
4603311,1,248,6
4603312,1,248,2
4603313,1,248,1
4603314,1,248,3
4603315,1,248,4
4603316,1,234,2
4603317,1,235,1
4603318,1,234,1
4603319,1,235,2
4603320,1,271,2
4603321,1,271,3
4603322,1,271,4
4603323,1,271,5
4603324,1,271,6
4603325,1,271,7
4603326,1,271,1
4603327,1,221,1
4603328,1,249,2
4603329,1,249,3
4603330,1,249,1
4603331,1,240,2
4603332,1,240,3
4603333,1,240,1
4603334,1,226,2
4603335,1,245,5
4603336,1,245,4
4603337,1,245,3
4603338,1,245,2
4603339,1,221,2
4603340,1,226,3
4603341,1,245,1
4603342,1,226,1
4603343,1,221,3
4603589,1,40,1
4603590,1,40,3
4603591,1,40,2
4603592,1,40,5
4603593,1,40,4
4603594,1,40,6
4603595,1,40,8
4603596,1,40,7
4603597,1,40,10
4603598,1,40,9
4603599,1,40,12
4603600,1,40,11
4603601,1,675,3
4603602,1,675,4
4603603,1,675,5
4603604,1,675,6
4603605,1,675,8
4603606,1,675,9
4603607,1,675,10
4603608,1,675,11
4603609,1,675,12
4603610,1,675,13
4603611,1,675,14
4603612,1,675,15
4603613,1,675,18
4603614,1,673,2
4603615,1,673,3
4603616,1,673,4
4603617,1,673,5
4603618,1,673,6
4603619,1,673,8
4603620,1,673,12
4603621,1,674,2
4603622,1,674,3
4603623,1,674,8
4603624,1,674,11
4603625,1,674,9
4603626,1,674,10
4603627,1,673,16
4603628,1,673,15
4603629,1,675,16
4603630,1,673,11
4603631,1,673,7
4603632,1,673,9
4603633,1,673,10
4603634,1,40,13
4603635,1,40,14
4603636,1,673,14
4603637,1,5,2
4603638,1,5,3
4603639,1,5,4
4603640,1,5,5
4603641,1,5,6
4603642,1,5,7
4603643,1,5,8
4603644,1,5,9
4603645,1,5,10
4603646,1,5,11
4603647,1,5,12
4603648,1,5,13
4603649,1,5,14
4603650,1,5,15
4603651,1,5,16
4603652,1,5,17
4603653,1,5,18
4603654,1,5,19
4603655,1,60,1
4603656,1,60,2
4603657,1,60,3
4603658,1,60,4
4603659,1,60,5
4603660,1,60,6
4603661,1,71,1
4603662,1,71,2
4603663,1,71,3
4603664,1,106,1
4603665,1,106,2
4603666,1,106,3
4603667,1,106,4
4603668,1,106,5
4603669,1,106,6
4603670,1,106,7
4603671,1,106,8
4603672,1,106,9
4603673,1,106,10
4603674,1,106,11
4603675,1,125,1
4603676,1,125,2
4603677,1,125,3
4603678,1,5,1
4603679,1,673,1
4603680,1,40,15
4603681,1,674,1
4603682,1,674,7
4603683,1,675,1
4603684,1,675,2
4603685,1,674,4
4603686,1,674,5
4603687,1,674,6
4603688,1,674,17
4603689,1,674,16
4603690,1,674,12
4603691,1,674,14
4603692,1,674,13
4603693,1,674,15
4603694,1,675,7
4603695,1,675,17
4603696,1,40,16
4603697,1,673,13
4604153,1,75,1
4604154,1,301,9
4604154,2,301,9
4604155,1,65,1
4604156,1,65,15
4604157,1,65,17
4604158,1,65,2
4604159,1,65,3
4604160,1,65,4
4604161,1,65,5
4604162,1,65,6
4604163,1,65,7
4604164,1,65,8
4604165,1,65,22
4604166,1,65,23
4604167,1,65,9
4604168,1,65,10
4604169,1,65,11
4604170,1,65,12
4604171,1,77,3
4604171,2,77,3
4604172,1,65,13
4604173,1,65,20
4604174,1,65,14
4604175,1,65,16
4604176,1,41,17
4604177,1,77,5
4604177,2,77,5
4604178,1,312,13
4604179,1,73,11
4604180,1,312,22
4604181,1,65,18
4604182,1,41,46
4604182,2,41,46
4604183,1,41,1
4604184,1,41,2
4604184,2,41,2
4604185,1,41,3
4604185,2,41,3
4604186,1,41,5
4604187,1,372,15
4604188,1,41,16
4604188,2,41,16
4604189,1,41,6
4604190,1,73,1
4604191,1,41,19
4604192,1,41,7
4604192,2,41,7
4604193,1,41,8
4604193,2,41,8
4604194,1,41,9
4604195,1,41,10
4604195,2,41,10
4604196,1,41,11
4604196,2,41,11
4604197,1,41,12
4604197,2,41,12
4604198,1,41,13
4604199,1,41,14
4604200,1,41,15
4604200,2,41,15
4604201,1,41,20
4604202,1,41,21
4604203,1,41,22
4604204,1,41,23
4604205,1,41,24
4604206,1,41,25
4604207,1,41,26
4604208,1,41,27
4604209,1,41,28
4604210,1,41,29
4604211,1,41,30
4604212,1,77,8
4604212,2,77,8
4604213,1,41,31
4604214,1,41,32
4604215,1,41,34
4604216,1,41,33
4604217,1,41,35
4604218,1,41,36
4604218,2,41,36
4604219,1,41,37
4604219,2,41,37
4604220,1,41,38
4604220,2,41,38
4604221,1,41,39
4604221,2,41,39
4604222,1,41,41
4604222,2,41,41
4604223,1,41,42
4604223,2,41,42
4604224,1,41,43
4604224,2,41,43
4604225,1,41,44
4604225,2,41,44
4604226,1,41,45
4604226,2,41,45
4604227,1,41,47
4604227,2,41,47
4604228,1,41,48
4604228,2,41,48
4604229,1,41,49
4604229,2,41,49
4604230,1,41,50
4604230,2,41,50
4604231,2,301,1
4604232,1,301,2
4604233,1,301,3
4604234,1,301,4
4604235,1,301,5
4604236,1,301,6
4604236,2,301,6
4604237,1,301,7
4604237,2,301,7
4604238,1,301,8
4604239,1,301,10
4604240,1,301,11
4604241,1,301,12
4604242,1,301,13
4604243,1,301,14
4604244,1,301,15
4604244,2,301,15
4604245,1,301,18
4604245,2,301,18
4604246,1,301,16
4604246,2,301,16
4604247,1,301,17
4604247,2,301,17
4604248,1,304,1
4604249,1,304,2
4604250,1,661,3
4604251,1,304,3
4604252,1,304,4
4604253,1,304,5
4604254,1,304,6
4604255,1,308,1
4604256,1,308,2
4604257,1,309,1
4604257,2,309,1
4604258,1,309,2
4604259,1,309,3
4604260,1,309,4
4604261,1,312,1
4604262,2,312,2
4604263,1,312,3
4604264,1,312,4
4604264,2,312,4
4604265,2,312,5
4604266,1,312,6
4604267,1,661,1
4604268,1,312,7
4604268,2,312,7
4604269,1,312,8
4604270,1,312,9
4604270,2,312,9
4604271,1,661,2
4604272,1,312,10
4604272,2,312,10
4604273,1,312,11
4604273,2,312,11
4604274,1,312,12
4604274,2,312,12
4604275,1,312,14
4604276,1,312,15
4604277,1,312,16
4604278,1,312,18
4604279,1,312,17
4604279,2,312,17
4604280,1,312,19
4604280,2,312,19
4604281,1,312,20
4604282,1,312,21
4604282,2,312,21
4604283,1,312,25
4604283,2,312,25
4604284,1,312,23
4604285,1,312,24
4604285,2,312,24
4604286,1,316,1
4604286,2,316,1
4604287,1,316,2
4604287,2,316,2
4604288,1,316,3
4604289,1,316,4
4604290,1,316,5
4604291,1,316,6
4604292,1,661,4
4604293,1,316,7
4604294,1,316,8
4604295,1,316,9
4604296,1,316,10
4604297,1,316,11
4604298,1,316,12
4604299,1,330,1
4604300,1,331,1
4604301,1,331,2
4604302,1,331,3
4604303,1,331,4
4604304,1,331,5
4604305,1,331,6
4604306,1,331,7
4604307,1,331,8
4604308,1,331,9
4604309,1,331,10
4604310,1,331,11
4604311,1,342,11
4604312,1,342,12
4604313,1,342,13
4604314,1,342,14
4604315,1,342,15
4604316,1,346,1
4604317,1,346,2
4604318,1,346,3
4604319,1,346,4
4604320,1,346,5
4604321,1,346,6
4604322,1,372,1
4604323,1,372,2
4604324,1,372,3
4604325,1,372,4
4604326,1,372,5
4604327,1,372,6
4604328,1,372,7
4604329,1,372,8
4604330,1,372,9
4604331,1,372,10
4604332,1,372,11
4604333,1,372,12
4604334,1,372,13
4604335,1,372,14
4604336,1,372,16
4604337,1,372,17
4604338,1,372,18
4604339,1,372,19
4604340,1,372,20
4604341,1,372,21
4604342,1,372,22
4604343,1,372,23
4604344,1,661,10
4604345,1,661,11
4604346,1,661,12
4604347,1,661,13
4604348,1,73,2
4604349,1,73,3
4604350,1,73,4
4604351,1,73,5
4604352,1,73,10
4604353,1,73,6
4604354,1,73,7
4604355,1,73,9
4604356,1,74,3
4604357,1,74,1
4604357,2,74,1
4604358,1,74,2
4604358,2,74,2
4604359,1,74,9
4604359,2,74,9
4604360,2,74,5
4604361,1,74,4
4604361,2,74,4
4604362,1,74,6
4604362,2,74,6
4604363,1,74,8
4604363,2,74,8
4604364,1,74,7
4604365,2,74,11
4604366,1,74,18
4604367,1,74,13
4604368,1,74,14
4604368,2,74,14
4604369,1,74,15
4604369,2,74,15
4604370,1,74,16
4604370,2,74,16
4604371,1,74,17
4604371,2,74,17
4604372,1,308,3
4604373,1,41,4
4604373,2,41,4
4604374,1,77,1
4604374,2,77,1
4604375,1,77,2
4604375,2,77,2
4604376,1,77,4
4604377,1,77,6
4604377,2,77,6
4604378,1,74,10
4604379,1,77,7
4604379,2,77,7
4604380,1,77,9
4604380,2,77,9
4604381,1,77,10
4604381,2,77,10
4604382,1,75,2
4604383,1,75,3
4604384,1,75,5
4604385,1,75,14
4604386,1,75,4
4604387,1,75,6
4604388,1,75,7
4604389,1,75,8
4604390,2,75,9
4604391,1,75,10
4604392,1,75,11
4604393,1,75,12
4604394,1,75,13
4604395,1,75,15
4604396,1,75,16
4604397,1,75,17
4604398,1,75,19
4604399,1,75,20
4604400,1,75,21
4604401,1,75,23
4604402,1,78,1
4604403,1,75,22
4604404,1,65,21
4604405,1,73,8
4604406,1,41,40
4604407,1,65,19
4604408,1,75,24
4604409,1,41,18
4604410,1,75,18
4606548,1,190,9
4606549,1,111,2
4606550,1,183,2
4606551,1,182,2
4606552,1,111,6
4606553,1,143,9
4606554,1,179,6
4606555,1,143,4
4606556,1,179,4
4606557,1,179,5
4606558,1,159,2
4606559,1,183,1
4606560,1,186,4
4606561,1,111,5
4606562,1,111,14
4606563,1,192,1
4606564,1,143,3
4606565,1,159,4
4606566,1,111,11
4606567,1,159,5
4606568,1,111,13
4606569,1,182,1
4606570,1,183,6
4606571,1,179,2
4606572,1,177,2
4606573,1,111,10
4606574,1,952,8
4606575,1,186,2
4606576,1,952,6
4606577,1,183,3
4606578,1,183,7
4606579,1,179,1
4606580,1,143,7
4606581,1,158,3
4606582,1,159,1
4606583,1,190,10
4606584,1,177,1
4606585,1,159,3
4606586,1,177,7
4606587,1,158,4
4606588,1,952,3
4606589,1,952,7
4606590,1,158,5
4606591,1,190,2
4606592,1,111,1
4606593,1,186,1
4606594,1,183,4
4606595,1,182,4
4606596,1,192,8
4606597,1,111,3
4606598,1,143,11
4606599,1,192,5
4606600,1,190,3
4606601,1,143,1
4606602,1,952,2
4606603,1,143,5
4606604,1,190,6
4606605,1,158,1
4606606,1,190,7
4606607,1,952,1
4606608,1,111,7
4606609,1,111,8
4606610,1,952,4
4606611,1,952,5
4606612,1,177,3
4606613,1,192,2
4606614,1,192,3
4606615,1,182,5
4606616,1,182,3
4606617,1,671,17
4606618,1,671,16
4606619,1,671,15
4606620,1,671,14
4606621,1,671,13
4606622,1,671,11
4606623,1,671,7
4606624,1,671,6
4606625,1,671,5
4606626,1,671,4
4606627,1,671,3
4606628,1,671,2
4606629,1,671,1
4606630,1,671,18
4606631,1,193,10
4606632,1,193,9
4606633,1,193,8
4606634,1,193,7
4606635,1,193,5
4606636,1,193,4
4606637,1,193,3
4606638,1,193,2
4606639,1,193,1
4606640,1,180,11
4606641,1,180,10
4606642,1,180,9
4606643,1,180,8
4606644,1,180,7
4606645,1,180,6
4606646,1,180,4
4606647,1,180,3
4606648,1,180,1
4606649,1,180,2
4606650,1,178,2
4606651,1,178,4
4606652,1,178,3
4606653,1,178,1
4606654,1,178,8
4606655,1,178,7
4606656,1,178,6
4606657,1,192,7
4606658,1,192,6
4606659,1,186,5
4606660,1,128,1
4606661,1,128,2
4606662,1,128,3
4606663,1,128,5
4606664,1,128,6
4606665,1,128,4
4606666,1,128,11
4606667,1,111,12
4606668,1,128,7
4606669,1,159,6
4606670,1,111,9
4606671,1,179,7
4606672,1,158,6
4606673,1,179,8
4606674,1,179,10
4606675,1,179,11
4606676,1,186,3
4606677,1,182,6
4606678,1,181,1
4606679,1,181,3
4606680,1,181,2
4606681,1,181,4
4606682,1,181,5
4606683,1,183,5
4606684,1,183,8
4606685,1,676,15
4606686,1,676,14
4606687,1,676,12
4606688,1,676,10
4606689,1,676,8
4606690,1,676,7
4606691,1,676,6
4606692,1,676,5
4606693,1,676,4
4606694,1,676,2
4606695,1,676,3
4606696,1,676,1
4606697,1,143,10
4606698,1,118,5
4606699,1,116,7
4606700,1,116,6
4606701,1,116,5
4606702,1,197,10
4606703,1,197,9
4606704,1,197,8
4606705,1,197,7
4606706,1,197,5
4606707,1,197,2
4606708,1,197,1
4606709,1,197,3
4606710,1,143,2
4606711,1,143,8
4606712,1,179,3
4606713,1,179,9
4606714,1,179,12
4606715,1,190,5
4606716,1,190,1
4606717,1,190,8
4606718,1,190,11
4606719,1,180,5
4606720,1,128,9
4606721,1,128,8
4606722,1,177,8
4606723,1,178,9
4606724,1,177,10
4606725,1,177,6
4606726,1,197,31
4606727,1,197,6
4606728,1,197,4
4606729,1,197,21
4606730,1,190,4
4606731,1,143,6
4606732,1,158,2
4606733,1,159,7
4606734,1,111,4
4606735,1,111,15
4606736,1,159,8
4606737,1,128,12
4606738,1,192,4
4606739,1,178,5
4606740,1,177,9
4606741,1,177,4
4606742,1,116,8
4606743,1,193,6
4606744,1,676,11
4606745,1,676,9
4606746,1,671,10
4606747,1,671,9
4606748,1,671,8
4606749,1,671,12
4606750,1,177,5
4606751,1,22,1
4606752,1,22,2
4606753,1,50,1
4606754,1,50,2
4606755,1,50,3
4606756,1,50,4
4606757,1,50,5
4606758,1,50,6
4606759,1,50,7
4606760,1,50,8
4606761,1,50,9
4606762,1,50,10
4606763,1,105,1
4606764,1,105,2
4606765,1,107,1
4606766,1,107,2
4606767,1,107,3
4606768,1,107,4
4606769,1,107,5
4606770,1,107,6
4606771,1,107,7
4606772,1,107,8
4606773,1,107,9
4606774,1,107,10
4606775,1,107,11
4606776,1,107,12
4606777,1,107,13
4606778,1,107,14
4606779,1,107,15
4606780,1,107,16
4606781,1,107,17
4606782,1,107,18
4606787,1,118,2
4606788,1,118,3
4606789,1,118,6
4606790,1,119,21
4606791,1,119,22
4606792,1,119,31
4606793,1,119,32
4606794,1,118,4
4606795,1,154,4
4606796,1,154,3
4606797,1,154,1
4606798,1,154,2
4606799,1,156,1
4606800,1,156,2
4606801,1,156,3
4606802,1,156,4
4606803,1,157,1
4606804,1,157,2
4606805,1,157,3
4606806,1,157,4
4606807,1,157,5
4606808,1,157,6
4606809,1,157,7
4606810,1,164,1
4606811,1,164,2
4606812,1,164,3
4606813,1,168,1
4606814,1,168,2
4606815,1,168,3
4606816,1,168,4
4606817,1,166,1
4606818,1,166,2
4606819,1,166,3
4606820,1,166,4
4606821,1,166,5
4606822,1,166,6
4606823,1,166,7
4606824,1,166,8
4606825,1,166,13
4606826,1,166,15
4606827,1,180,12
4606828,1,158,10
4606829,1,158,8
4606830,1,158,9
4606831,1,158,7
4606832,1,158,11
4606833,1,166,9
4606834,1,166,12
4606835,1,166,11
4606836,1,166,10
4606837,1,166,14
4606838,1,102,3
4606839,1,150,14
4606840,1,101,7
4606841,1,150,20
4606842,1,101,8
4606843,1,150,13
4606844,1,150,1
4606845,1,101,4
4606846,1,150,3
4606847,1,101,14
4606848,1,150,10
4606849,1,102,10
4606850,1,150,11
4606851,1,150,6
4606852,1,101,16
4606853,1,150,4
4606854,1,101,13
4606855,1,102,2
4606856,1,102,7
4606857,1,102,9
4606858,1,150,16
4606859,1,102,6
4606860,1,150,17
4606861,1,150,5
4606862,1,101,6
4606863,1,101,2
4606864,1,150,15
4606865,1,101,10
4606866,1,102,1
4606867,1,101,3
4606868,1,102,4
4606869,1,102,5
4606870,1,101,5
4606871,1,150,9
4606872,1,101,1
4606873,1,150,12
4606874,1,102,8
4606875,1,101,11
4606876,1,150,19
4606877,1,101,12
4606878,1,150,8
4606879,1,150,2
4606880,1,676,16
4606881,1,676,18
4606882,1,676,13
4606883,1,101,9
4606884,1,150,18
4606885,1,101,15
4606886,1,150,7
4606887,1,118,1
4606888,1,676,17
4606889,1,128,10
4606890,1,671,1
4606891,1,671,2
4606892,1,671,3
4606893,1,671,4
4606894,1,671,5
4606895,1,671,6
4606896,1,671,7
4606897,1,671,9
4606898,1,671,8
4606899,1,671,10
4606900,1,671,11
4606901,1,22,1
4606902,1,50,1
4606903,1,50,2
4606904,1,50,3
4606905,1,50,4
4606906,1,50,5
4606907,1,105,1
4606908,1,105,2
4606909,1,107,1
4606910,1,107,2
4606911,1,107,3
4606912,1,107,4
4606913,1,107,5
4606914,1,107,6
4606915,1,107,7
4606916,1,118,1
4606917,1,128,1
4606918,1,128,2
4606919,1,128,3
4606920,1,128,4
4606921,1,128,5
4606922,1,128,6
4606923,1,156,1
4606924,1,156,2
4606925,1,183,1
4606926,1,183,2
4606927,1,183,3
4606928,1,166,1
4606929,1,166,2
4606930,1,166,3
4606931,1,166,4
4606932,1,166,5
4606933,1,166,6
4606934,1,166,7
4606935,1,166,8
4606936,1,168,2
4606937,1,168,1
4606938,1,180,1
4606939,1,180,2
4606940,1,180,3
4606941,1,180,4
4606942,1,180,5
4606943,1,180,6
4606944,1,180,7
4606945,1,180,8
4606946,1,180,9
4606947,1,181,1
4606948,1,181,2
4606949,1,181,3
4606950,1,181,4
4606951,1,181,5
4606952,1,182,2
4606953,1,182,1
4606954,1,676,1
4606955,1,676,2
4606956,1,676,3
4606957,1,676,4
4606958,1,676,5
4606959,1,676,6
4606960,1,676,7
4606961,1,676,9
4606962,1,676,8
4606963,1,101,4
4606964,1,150,2
4606965,1,150,4
4606966,1,150,5
4606967,1,101,1
4606968,1,101,2
4606969,1,101,3
4606970,1,150,1
4606971,1,150,6
4606972,1,150,8
4606973,1,150,7
4606974,1,150,3
4606975,1,150,9
4606976,1,101,5
4606977,1,150,10
4606978,1,150,11
4606979,1,101,6
4606980,1,107,1
4606981,1,107,2
4606982,1,107,3
4606983,1,107,4
4606984,1,107,5
4606985,1,107,6
4606986,1,107,7
4606987,1,50,1
4606988,1,50,2
4606989,1,22,1
4606990,1,105,1
4606991,1,676,1
4606992,1,169,4
4606993,1,676,2
4606994,1,676,3
4606995,1,676,4
4606996,1,676,5
4606997,1,676,6
4606998,1,676,7
4606999,1,676,8
4607000,1,676,9
4607001,1,168,1
4607002,1,168,3
4607003,1,168,2
4607004,1,168,4
4607005,1,169,1
4607006,1,169,2
4607007,1,169,3
4607008,1,156,1
4607009,1,156,2
4607010,1,128,1
4607011,1,128,2
4607012,1,128,3
4607013,1,128,4
4607014,1,128,5
4607015,1,128,6
4607016,1,180,1
4607017,1,180,2
4607018,1,180,3
4607019,1,180,4
4607020,1,180,5
4607021,1,180,6
4607022,1,180,7
4607023,1,182,1
4607024,1,182,2
4607025,1,181,1
4607026,1,181,2
4607027,1,181,4
4607028,1,181,3
4607029,1,181,5
4607030,1,118,1
4607031,1,180,8
4607032,1,180,9
4607033,1,671,1
4607034,1,671,2
4607035,1,671,3
4607036,1,671,4
4607037,1,671,5
4607038,1,671,6
4607039,1,671,7
4607040,1,671,8
4607041,1,671,9
4607042,1,671,10
4607043,1,671,11
4607044,1,50,4
4607045,1,50,3
4607046,1,50,5
4607047,1,150,2
4607048,1,150,1
4607049,1,101,5
4607050,1,101,4
4607051,1,101,2
4607052,1,150,6
4607053,1,150,5
4607054,1,150,4
4607055,1,150,3
4607056,1,101,1
4607057,1,101,3
4607058,1,101,6
4607608,1,167,1
4607609,1,167,3
4607610,1,167,4
4607611,1,167,2
4607612,1,37,2
4607613,1,37,1
4607614,1,37,3
4607615,1,27,7
4607616,1,37,6
4607617,1,37,7
4607618,1,37,4
4607619,1,37,5
4607620,1,121,1
4607621,1,123,3
4607622,1,121,2
4607623,1,122,5
4607624,1,121,4
4607625,2,121,12
4607626,1,121,16
4607627,1,121,3
4607628,1,121,5
4607629,1,121,13
4607630,1,48,4
4607631,1,123,1
4607632,1,122,2
4607633,1,122,3
4607634,1,121,15
4607635,1,121,10
4607636,1,121,14
4607637,1,121,11
4607638,1,123,2
4607639,1,26,12
4607640,1,121,6
4607641,1,121,7
4607642,1,121,9
4607643,1,29,1
4607644,1,29,12
4607645,1,29,10
4607646,1,29,2
4607647,1,29,8
4607648,1,29,3
4607649,1,29,11
4607650,1,29,4
4607651,1,29,9
4607652,1,29,5
4607653,1,29,7
4607654,1,11,5
4607655,1,11,3
4607656,1,11,2
4607657,1,11,1
4607658,1,48,3
4607659,1,48,6
4607660,1,48,9
4607661,1,48,11
4607662,1,48,12
4607663,1,48,16
4607664,1,26,1
4607665,1,28,9
4607666,1,26,16
4607667,1,122,1
4607668,1,28,12
4607669,1,28,1
4607670,1,28,24
4607671,1,28,2
4607672,1,26,2
4607673,1,28,3
4607674,1,28,4
4607675,1,28,30
4607676,1,26,3
4607677,1,28,5
4607678,1,28,6
4607679,1,28,7
4607680,1,28,8
4607681,1,26,4
4607682,1,26,5
4607683,1,28,10
4607684,1,26,7
4607685,1,28,26
4607686,1,28,13
4607687,1,26,8
4607688,1,28,14
4607689,1,26,14
4607690,1,28,16
4607691,1,28,25
4607692,1,26,11
4607693,1,26,15
4607694,1,28,28
4607695,1,28,20
4607696,1,28,19
4607697,1,28,21
4607698,1,64,5
4607699,1,64,9
4607700,1,64,6
4607701,1,64,7
4607702,1,64,4
4607703,1,64,3
4607704,1,8,1
4607705,1,8,2
4607706,1,8,3
4607707,1,8,4
4607708,1,8,5
4607709,1,8,6
4607710,1,8,7
4607711,1,8,9
4607712,1,8,10
4607713,1,8,11
4607714,1,8,13
4607715,1,8,14
4607716,1,8,16
4607717,1,62,2
4607718,1,62,3
4607719,1,64,1
4607720,1,62,4
4607721,1,62,5
4607722,1,62,6
4607723,1,62,7
4607724,1,64,2
4607725,1,62,8
4607726,1,62,1
4607727,1,62,9
4607728,1,62,10
4607729,1,62,11
4607730,1,62,12
4607731,1,62,16
4607732,1,62,17
4607733,1,62,21
4607734,1,64,8
4607735,1,62,22
4607736,1,62,23
4607737,1,62,24
4607738,1,11,6
4607739,1,11,4
4607740,1,28,29
4607741,1,19,2
4607742,1,124,23
4607743,1,19,3
4607744,1,124,25
4607745,1,124,1
4607746,1,124,2
4607747,1,124,3
4607748,1,124,5
4607749,1,124,4
4607750,1,124,7
4607751,1,124,8
4607752,1,124,9
4607753,1,124,15
4607754,1,24,1
4607755,1,24,2
4607756,1,27,6
4607757,1,27,1
4607758,1,124,6
4607759,1,27,2
4607760,1,27,3
4607761,1,124,10
4607762,1,124,11
4607763,1,27,4
4607764,1,28,15
4607765,1,124,16
4607766,1,124,17
4607767,1,124,22
4607768,1,124,24
4607769,1,48,8
4607770,1,8,12
4607771,1,9,1
4607772,1,9,2
4607773,1,9,3
4607774,1,8,8
4607775,1,9,5
4607776,1,9,6
4607777,1,9,7
4607778,1,9,8
4607779,1,9,4
4607780,1,124,19
4607781,1,63,1
4607782,1,63,2
4607783,1,63,5
4607784,1,63,3
4607785,1,63,6
4607786,1,63,4
4607787,1,99,2
4607788,1,99,3
4607789,1,99,4
4607790,1,99,1
4607791,1,124,21
4607792,1,124,12
4607793,1,124,14
4607794,1,124,18
4607795,1,27,5
4607796,1,124,20
4607797,1,124,13
4607798,1,19,1
4607799,1,27,8
4607800,1,62,18
4607801,1,303,1
4607802,1,303,2
4607803,1,303,3
4607804,1,303,4
4607805,1,303,5
4607806,1,303,6
4607807,1,303,7
4607808,1,303,8
4607809,1,303,9
4607810,1,303,10
4607811,1,303,12
4607812,1,303,11
4607813,1,29,13
4607814,1,29,6
4607815,1,26,9
4607816,1,28,17
4607817,1,62,15
4607818,1,63,7
4607819,1,99,5
4607820,1,121,8
4607821,1,303,13
4607822,1,122,4
4607823,1,45,1
4607824,1,45,2
4607825,1,45,3
4607826,1,45,4
4607827,1,45,5
4607828,1,45,6
4607829,1,45,7
4607830,1,45,9
4607831,1,45,8
4607832,1,45,11
4607833,1,45,10
4607834,1,45,12
4607835,1,45,14
4607836,1,45,15
4607837,1,45,17
4607838,1,45,16
4607839,1,45,19
4607840,1,45,20
4607841,1,45,18
4607842,1,45,21
4607843,1,45,13
4607844,1,26,6
4607845,1,62,13
4607846,1,123,4
4607847,1,48,18
4607848,1,62,19
4607849,1,8,17
4607850,1,8,15
4607851,1,28,11
4607852,1,48,5
4607853,2,48,7
4607854,1,48,10
4607855,1,48,15
4607856,1,48,19
4607857,1,62,14
4607858,1,28,18
4607859,1,48,1
4607860,1,48,2
4607861,1,48,13
4607862,1,132,4
4607863,1,26,10
4607864,1,28,23
4607865,1,28,27
4607866,1,26,13
4607867,1,62,20
4607868,1,62,25
4607869,1,11,7
4607871,1,124,5
4607872,1,124,6
4607873,1,124,10
4607874,1,124,9
4607875,1,124,11
4607876,1,124,12
4607877,1,27,1
4607878,1,124,1
4607879,1,124,2
4607880,1,27,3
4607881,1,124,3
4607882,1,124,4
4607883,1,124,7
4607884,1,124,8
4607885,1,11,5
4607886,1,11,2
4607887,1,11,1
4607888,1,11,3
4607889,1,11,4
4607890,1,48,4
4607891,1,48,5
4607892,1,48,6
4607893,1,48,8
4607894,1,48,10
4607895,1,48,9
4607896,1,28,7
4607897,1,28,1
4607898,1,28,2
4607899,1,26,2
4607900,1,26,6
4607901,1,28,6
4607902,1,28,5
4607903,1,26,1
4607904,1,28,4
4607905,1,26,5
4607906,1,26,4
4607907,1,26,3
4607908,1,28,3
4607909,1,26,7
4607910,1,8,1
4607911,1,8,2
4607912,1,8,3
4607913,1,8,4
4607914,1,8,5
4607915,1,8,6
4607916,1,8,7
4607917,1,8,8
4607918,1,8,9
4607919,1,62,1
4607920,1,62,2
4607921,1,62,3
4607922,1,62,4
4607923,1,62,5
4607924,1,62,6
4607925,1,62,7
4607926,1,62,8
4607927,1,62,9
4607928,1,62,10
4607929,1,62,11
4607930,1,26,8
4607931,1,27,2
4607932,1,124,13
4607933,1,45,1
4607934,1,45,2
4607935,1,45,3
4607936,1,45,4
4607937,1,45,5
4607938,1,45,6
4607939,1,45,7
4607940,1,45,8
4607941,1,124,14
4607942,1,8,10
4607943,1,26,13
4607944,1,48,11
4607945,1,26,14
4607946,1,26,9
4607947,1,26,10
4607948,1,26,15
4607949,1,26,12
4607950,1,28,8
4607951,1,26,11
4607952,1,48,1
4607953,1,48,3
4607954,1,48,2
4607955,1,48,7
4607956,1,11,6
4607958,1,124,1
4607959,1,124,3
4607960,1,124,2
4607961,1,124,8
4607962,1,124,6
4607963,1,124,4
4607964,1,124,5
4607965,1,11,1
4607966,1,11,2
4607967,1,11,3
4607968,1,124,7
4607969,1,48,3
4607970,1,48,5
4607971,1,48,6
4607972,1,48,7
4607973,1,28,6
4607974,1,28,7
4607975,1,28,5
4607976,1,28,4
4607977,1,28,2
4607978,1,28,1
4607979,1,28,3
4607980,1,26,6
4607981,1,26,7
4607982,1,26,5
4607983,1,26,4
4607984,1,26,3
4607985,1,26,2
4607986,1,26,1
4607987,1,62,1
4607988,1,62,2
4607989,1,62,3
4607990,1,62,4
4607991,1,62,5
4607992,1,62,6
4607993,1,62,8
4607994,1,62,10
4607995,1,26,8
4607996,1,45,1
4607997,1,45,2
4607998,1,45,3
4607999,1,45,4
4608000,1,45,5
4608001,1,45,6
4608002,1,45,7
4608003,1,45,8
4608004,1,8,1
4608005,1,8,3
4608006,1,8,4
4608007,1,8,5
4608008,1,8,6
4608009,1,8,7
4608010,1,26,10
4608011,1,26,9
4608012,1,28,8
4608013,1,28,9
4608014,1,26,12
4608015,1,26,11
4608016,1,8,2
4608017,1,48,1
4608018,1,48,2
4608019,1,48,4
4608020,1,27,1
4608021,1,27,2
4608022,1,27,3
4608023,1,27,5
4608024,1,27,4
4608025,1,62,7
4608026,1,62,9
4608027,1,62,11
4608028,1,27,6
4612079,1,545,26
4612080,1,540,4
4612081,1,545,34
4612082,1,554,13
4612083,1,550,22
4612084,1,522,21
4612085,1,556,4
4612086,1,986,1
4612087,1,824,1
4612088,1,888,1
4612089,1,989,1
4612090,1,887,2
4612091,1,219,6
4612092,1,982,1
4612093,1,824,2
4612094,1,989,2
4612095,1,212,21
4612096,1,257,4
4612097,1,268,3
4612098,1,212,23
4612099,1,823,2
4612100,1,252,5
4612101,1,212,14
4612102,1,246,10
4612103,1,255,11
4612104,1,255,9
4612105,1,252,3
4612106,1,257,3
4612107,1,212,28
4612108,1,252,6
4612109,1,545,31
4612110,1,522,17
4612111,1,522,12
4612112,1,268,1
4612113,1,212,34
4612114,1,252,2
4612115,2,212,2
4612116,1,212,4
4612117,1,212,24
4612118,1,212,30
4612119,1,212,10
4612120,1,216,2
4612121,1,216,3
4612122,1,216,5
4612123,1,216,6
4612124,1,216,7
4612125,1,212,20
4612126,1,212,22
4612127,1,212,25
4612128,1,218,11
4612129,1,218,12
4612130,1,216,1
4612131,1,219,2
4612132,1,219,3
4612133,1,219,4
4612134,1,216,8
4612135,1,219,7
4612136,1,219,8
4612137,1,218,3
4612138,1,218,4
4612139,1,892,1
4612140,1,823,1
4612141,1,252,1
4612142,1,255,1
4612143,1,255,2
4612144,1,255,3
4612145,1,255,4
4612146,1,219,1
4612147,1,255,5
4612148,1,255,6
4612149,1,255,8
4612150,1,255,10
4612151,1,255,15
4612152,2,255,16
4612153,1,255,18
4612154,1,212,19
4612155,1,255,20
4612156,1,255,21
4612157,1,255,22
4612158,1,255,23
4612159,1,255,25
4612160,1,212,8
4612161,1,218,2
4612162,1,212,1
4612163,1,212,3
4612164,1,212,7
4612165,1,311,1
4612166,1,311,2
4612167,1,219,5
4612168,1,255,24
4612169,1,311,7
4612170,1,311,8
4612171,1,311,4
4612172,1,255,13
4612173,1,888,2
4612174,1,268,2
4612175,1,522,1
4612176,1,522,2
4612177,1,545,4
4612178,1,545,5
4612179,1,522,4
4612180,1,522,6
4612181,1,545,16
4612182,1,522,7
4612183,1,522,10
4612184,1,522,11
4612185,1,545,23
4612186,1,522,13
4612187,1,522,16
4612188,1,541,1
4612189,1,541,2
4612190,1,541,3
4612191,1,541,4
4612192,1,541,5
4612193,1,541,8
4612194,1,550,4
4612195,1,542,1
4612196,1,542,2
4612197,1,542,3
4612198,1,542,5
4612199,1,542,6
4612200,1,542,8
4612201,1,542,10
4612202,1,542,11
4612203,1,542,12
4612204,1,542,13
4612205,1,542,14
4612206,1,542,15
4612207,1,545,1
4612208,1,545,2
4612209,1,545,3
4612210,1,545,6
4612211,1,522,3
4612212,1,545,7
4612213,1,545,8
4612214,1,545,9
4612215,1,545,11
4612216,1,545,12
4612217,1,545,13
4612218,1,554,8
4612219,1,545,15
4612220,1,545,18
4612221,1,545,19
4612222,1,545,21
4612223,1,545,25
4612224,1,545,32
4612225,1,545,38
4612226,1,550,1
4612227,1,550,2
4612228,1,550,3
4612229,1,550,5
4612230,1,550,7
4612231,1,550,8
4612232,1,550,23
4612233,1,550,31
4612234,1,550,33
4612235,1,554,1
4612236,1,554,2
4612237,1,556,1
4612238,1,554,3
4612239,1,554,4
4612240,1,556,2
4612241,1,554,5
4612242,1,556,3
4612243,1,554,7
4612244,1,556,10
4612245,1,554,12
4612246,1,554,6
4612247,1,522,9
4612248,1,554,14
4612249,1,554,15
4612250,1,554,16
4612251,1,556,8
4612252,1,556,9
4612253,1,556,12
4612254,1,556,13
4612255,1,550,32
4612256,1,212,32
4612257,1,212,29
4612258,1,212,33
4612259,1,886,2
4612260,1,545,14
4612261,1,545,22
4612262,1,541,6
4612263,1,212,26
4612264,1,212,27
4612265,1,216,4
4612266,1,257,1
4612267,1,252,4
4612268,1,218,10
4612269,1,212,5
4612270,1,212,9
4612271,1,212,12
4612272,1,212,16
4612273,1,212,17
4612274,1,212,18
4612275,1,218,1
4612276,1,218,6
4612277,1,218,8
4612278,1,218,9
4612279,1,212,6
4612280,1,218,5
4612281,1,255,7
4612282,1,255,14
4612283,1,891,2
4612284,1,892,2
4612285,1,894,2
4612286,1,893,2
4612287,1,895,2
4612288,1,982,2
4612289,1,986,2
4612290,1,540,8
4612291,1,540,1
4612292,1,540,2
4612293,1,540,3
4612294,1,540,5
4612295,1,540,6
4612296,1,540,7
4612297,1,550,10
4612298,1,550,11
4612299,1,550,12
4612300,1,550,14
4612301,1,550,16
4612302,1,550,9
4612303,1,550,13
4612304,1,550,15
4612305,1,550,18
4612306,1,550,19
4612307,1,545,20
4612308,1,550,17
4612309,1,522,8
4612310,1,522,14
4612311,1,522,18
4612312,1,522,20
4612313,1,545,24
4612314,1,545,33
4612315,1,545,36
4612316,1,545,37
4612317,1,545,35
4612318,1,522,23
4612319,1,545,30
4612320,1,545,27
4612321,1,550,29
4612322,1,556,11
4612323,1,257,2
4612324,1,255,27
4612325,1,672,1
4612326,1,672,2
4612327,1,672,3
4612328,1,672,4
4612329,1,672,6
4612330,1,672,7
4612331,1,672,9
4612332,1,672,11
4612333,1,672,12
4612334,1,672,14
4612335,1,672,15
4612336,1,672,13
4612337,1,672,16
4612338,1,672,17
4612339,1,672,18
4612340,1,556,5
4612341,1,554,9
4612342,1,216,9
4612343,1,212,31
4612344,1,255,19
4612345,1,541,10
4612346,1,542,9
4612347,1,541,7
4612348,1,542,7
4612349,1,542,4
4612350,1,545,17
4612351,1,545,28
4612352,1,545,29
4612353,1,522,5
4612354,1,522,24
4612355,1,522,19
4612356,1,522,22
4612357,1,545,10
4612358,1,550,6
4612359,1,550,26
4612360,1,550,28
4612361,1,541,9
4612362,1,541,11
4612363,1,550,20
4612364,1,550,24
4612365,1,550,36
4612366,1,550,34
4612367,1,550,27
4612368,1,554,10
4612369,1,522,15
4612370,1,550,30
4612371,1,550,35
4612372,1,550,21
4612373,1,550,25
4612374,1,556,7
4612375,1,255,26
4612376,1,255,29
4612377,1,255,28
4612378,1,219,9
4612379,1,212,11
4612380,1,311,5
4612381,1,255,17
4612382,1,311,3
4612383,1,212,13
4612384,1,311,6
4612385,1,218,7
4612386,2,212,15
4612387,1,311,9
4612388,1,257,5
4612389,1,216,10
4612390,1,672,10
4612391,1,672,5
4612392,1,672,8
4612393,1,212,35
4612394,1,554,11
4612395,1,556,6
4612396,1,255,12
4612397,1,889,2
4612398,1,823,60
4612399,1,824,60
4612400,1,886,60
4612401,1,887,60
4612402,1,888,60
4612405,1,889,60
4612410,1,893,60
4612412,1,895,60
4612938,1,599,7
4612942,1,599,8
4612943,1,599,2
4612944,1,599,4
4612945,1,599,10
4612946,1,599,5
4612947,1,599,6
4612948,1,599,3
4612949,1,599,11
4612950,1,599,1
4612952,1,599,2
4612954,1,599,8
4612955,1,599,4
4612956,1,599,9
4612957,1,599,5
4612958,1,599,10
4612959,1,599,12
4612960,1,599,3
4612961,1,599,11
4612962,1,599,41
4612966,1,599,1
4612967,1,599,6
4612968,1,599,7
4612969,1,599,42
4612970,1,599,9
4612971,1,599,4
4612972,1,599,10
4612973,1,599,44
4612974,1,599,45
4612975,1,599,8
4612976,1,599,46
4612977,1,599,3
4612978,1,599,11
4612979,1,599,12
4612980,1,599,47
4612981,1,599,51
4612982,1,599,54
4612983,1,599,52
4612984,1,599,55
4612985,1,599,56
4612986,1,599,53
4612987,1,599,57
4622944,1,914,2
4622945,1,914,1
4622946,1,914,3
4622947,1,917,1
4622948,1,910,1
4622949,1,908,1
4622950,1,915,1
4622951,1,906,1
4622952,1,906,2
4622953,1,903,2
4622954,1,903,1
4622955,1,773,2
4622956,1,973,1
4622957,1,773,1
4622958,1,634,1
4622959,1,634,2
4622960,1,930,1
4622961,1,930,2
4622962,1,930,4
4622963,1,930,5
4622964,1,930,3
4622965,1,930,6
4622966,1,917,1
4622967,1,914,1
4622968,1,914,2
4622969,1,914,3
4622970,1,910,1
4622971,1,908,1
4622972,1,913,1
4622973,1,913,3
4622974,1,913,4
4622975,1,931,2
4622976,1,931,3
4622977,1,931,4
4622978,1,931,7
4622979,1,931,8
4622980,1,931,1
4622981,1,975,1
4622982,1,975,2
4622983,1,906,1
4622984,1,906,2
4622985,1,629,2
4622986,1,629,1
4622987,1,931,6
4622988,1,931,5
4622989,1,628,1
4622990,1,628,2
4622991,1,628,4
4622992,1,628,5
4622993,1,628,6
4622994,1,630,2
4622995,1,630,3
4622996,1,630,4
4622997,1,630,5
4622998,1,630,6
4622999,1,630,1
4623000,1,631,1
4623001,1,901,1
4623002,1,903,1
4623003,1,903,2
4623004,1,903,3
4623005,1,903,4
4623006,1,903,5
4623007,1,903,6
4623008,1,903,7
4623009,1,903,8
4623010,1,903,9
4623011,1,628,3
4623012,1,915,1
4623013,1,915,2
4623014,1,632,1
4623015,1,973,1
4623016,1,973,2
4623016,2,973,2
4623017,1,907,1
4623018,1,907,2
4623020,1,913,2
4623021,1,773,3
4623022,1,773,2
4623023,1,773,1
4623024,1,775,1
4623025,1,775,2
4623026,1,903,1
4623027,1,903,2
4623028,1,773,2
4623029,1,973,1
4623029,2,973,1
4623030,1,773,1
4623031,1,634,1
4623032,1,634,2
4623178,1,599,12
4623179,1,599,1
4623180,1,599,9
4623181,1,599,6
4623182,1,599,7
4625188,1,5,22
4625189,1,5,7
4625190,1,5,2
4625191,1,5,4
4625192,1,5,10
4625193,1,5,9
4625194,1,5,3
4625195,1,5,12
4625196,1,5,15
4625197,1,5,5
4625198,1,5,20
4625199,1,5,13
4625200,1,18,12
4625201,1,5,6
4625202,1,56,3
4625203,1,15,12
4625204,1,55,13
4625205,1,17,9
4625206,1,43,1
4625207,1,21,10
4625208,1,56,1
4625209,1,355,1
4625210,1,18,10
4625211,1,56,2
4625212,1,214,16
4625213,1,43,2
4625214,1,17,1
4625215,1,18,1
4625216,1,21,1
4625217,1,57,11
4625218,1,43,3
4625219,1,355,10
4625220,1,15,11
4625221,1,984,1
4625222,1,15,13
4625223,1,57,2
4625224,1,17,6
4625225,1,21,4
4625226,1,17,4
4625227,1,18,13
4625228,1,5,14
4625229,1,21,11
4625230,1,56,6
4625231,1,56,9
4625232,1,55,2
4625233,1,18,3
4625234,1,56,8
4625235,1,5,11
4625236,1,57,1
4625237,1,21,2
4625238,1,21,5
4625239,1,355,4
4625240,1,18,2
4625241,1,55,12
4625242,1,43,5
4625243,1,355,9
4625244,1,17,10
4625245,1,21,12
4625246,1,21,3
4625247,1,355,3
4625248,1,17,2
4625249,1,5,31
4625250,2,981,1
4625251,1,355,6
4625252,1,17,7
4625253,1,56,4
4625254,1,355,12
4625255,1,57,10
4625256,1,15,3
4625257,1,15,14
4625258,1,5,36
4625259,1,55,14
4625260,1,18,4
4625261,1,5,23
4625262,1,56,7
4625263,1,18,11
4625264,1,56,5
4625265,1,55,15
4625266,1,355,8
4625267,1,15,1
4625268,1,57,3
4625269,1,18,14
4625270,1,55,1
4625271,1,55,10
4625272,1,355,13
4625273,1,40,1
4625274,1,40,3
4625275,1,40,2
4625276,1,40,4
4625277,1,40,7
4625278,1,40,5
4625279,1,40,9
4625280,1,40,6
4625281,1,40,8
4625282,1,40,15
4625283,1,40,10
4625284,1,40,12
4625285,1,40,17
4625286,1,40,16
4625287,1,40,20
4625288,1,40,14
4625289,1,40,23
4625290,1,40,24
4625291,1,40,25
4625292,1,40,26
4625293,1,40,27
4625294,1,40,31
4625295,1,40,29
4625296,1,5,19
4625297,1,5,29
4625298,1,5,32
4625299,1,17,5
4625300,1,5,26
4625301,1,15,4
4625302,1,40,32
4625303,1,40,22
4625304,1,15,5
4625305,1,5,33
4625306,1,40,36
4625307,1,214,20
4625308,1,214,19
4625309,1,214,18
4625310,1,214,17
4625311,1,214,7
4625312,1,214,15
4625313,1,214,14
4625314,1,214,13
4625315,1,214,12
4625316,1,214,11
4625317,1,214,6
4625318,1,214,4
4625319,1,214,2
4625320,1,355,14
4625321,1,675,2
4625322,1,675,3
4625323,1,675,4
4625324,1,675,6
4625325,1,675,7
4625326,1,675,5
4625327,1,675,8
4625328,1,675,11
4625329,1,675,10
4625330,1,675,9
4625331,1,675,12
4625332,1,675,14
4625333,1,675,15
4625334,1,675,16
4625335,1,675,19
4625336,1,675,17
4625337,1,675,20
4625338,1,675,22
4625339,1,675,23
4625340,1,675,24
4625341,1,675,27
4625342,1,675,29
4625343,1,675,30
4625344,1,675,32
4625345,1,675,33
4625346,1,675,35
4625347,1,675,36
4625348,1,675,37
4625349,1,675,38
4625350,1,5,28
4625351,1,56,10
4625352,1,5,21
4625353,1,21,13
4625354,1,355,5
4625355,1,21,14
4625356,1,355,2
4625357,1,40,19
4625358,1,675,25
4625359,1,675,21
4625360,1,675,39
4625361,1,675,40
4625362,1,673,1
4625363,1,673,28
4625364,1,673,2
4625365,1,673,4
4625366,1,673,3
4625367,1,673,6
4625368,1,673,25
4625369,1,673,5
4625370,1,673,7
4625371,1,673,32
4625372,1,673,8
4625373,1,673,10
4625374,1,673,29
4625375,1,673,11
4625376,1,673,12
4625377,1,673,31
4625378,1,673,14
4625379,1,673,13
4625380,1,673,16
4625381,1,673,17
4625382,1,673,18
4625383,1,673,27
4625384,1,673,33
4625385,1,673,21
4625386,1,673,30
4625387,1,673,9
4625388,1,673,15
4625389,1,673,26
4625390,1,43,6
4625391,1,5,17
4625392,1,15,15
4625393,1,673,37
4625394,1,5,34
4625395,1,40,39
4625396,1,673,22
4625397,1,675,13
4625398,1,673,19
4625399,1,673,20
4625400,1,55,11
4625401,1,15,16
4625402,1,5,30
4625403,1,5,35
4625404,1,40,21
4625405,1,106,1
4625406,1,106,3
4625407,1,106,9
4625408,1,106,10
4625409,1,106,12
4625410,1,106,2
4625411,1,106,5
4625412,1,106,14
4625413,1,106,11
4625414,1,106,6
4625415,1,106,4
4625416,1,106,7
4625417,1,106,8
4625418,1,106,16
4625419,1,5,38
4625420,1,5,16
4625421,1,55,16
4625422,1,5,18
4625423,1,125,1
4625424,1,125,2
4625425,1,125,4
4625426,1,125,5
4625427,1,15,2
4625428,1,17,8
4625429,1,5,24
4625430,1,21,15
4625431,1,675,18
4625432,1,675,34
4625433,1,675,31
4625434,1,673,24
4625435,1,40,28
4625436,1,40,35
4625437,1,125,3
4625438,1,355,7
4625439,1,674,27
4625440,1,674,1
4625441,1,674,19
4625442,1,674,3
4625443,1,674,2
4625444,1,674,6
4625445,1,674,21
4625446,1,674,5
4625447,1,674,8
4625448,1,674,7
4625449,1,674,24
4625450,1,674,28
4625451,1,674,9
4625452,1,674,25
4625453,1,674,10
4625454,1,674,14
4625455,1,674,20
4625456,1,674,11
4625457,1,674,13
4625458,1,674,23
4625459,1,674,12
4625460,1,674,15
4625461,1,674,16
4625462,1,674,17
4625463,1,674,22
4625464,1,674,26
4625465,1,106,15
4625466,1,5,25
4625467,1,980,1
4625468,1,987,1
4625469,1,994,1
4625470,1,988,1
4625471,1,995,1
4625472,1,987,2
4625473,1,988,2
4625474,1,994,2
4625475,1,71,1
4625476,1,71,2
4625477,1,71,3
4625478,1,214,3
4625479,1,214,1
4625480,1,40,13
4625481,1,40,11
4625482,1,214,5
4625483,1,214,8
4625484,1,40,33
4625485,1,5,1
4625486,1,76,8
4625487,1,76,10
4625488,1,76,14
4625489,1,76,11
4625490,1,76,15
4625491,1,76,12
4625492,1,76,13
4625493,1,76,1
4625494,1,76,2
4625495,1,76,4
4625496,1,76,3
4625497,1,76,6
4625498,1,76,5
4625499,1,113,1
4625500,1,113,2
4625501,1,113,4
4625502,1,113,5
4625503,1,113,6
4625504,1,675,41
4625505,1,673,23
4625506,1,673,35
4625507,1,674,18
4625508,1,17,3
4625509,1,40,34
4625510,1,40,37
4625511,1,40,30
4625512,1,40,18
4625513,1,60,1
4625514,1,60,2
4625515,1,60,3
4625516,1,60,4
4625517,1,60,5
4625518,1,60,6
4625519,1,60,7
4625520,1,60,8
4625521,1,60,9
4625522,1,60,10
4625523,1,60,11
4625524,1,60,12
4625525,1,60,13
4625526,1,60,16
4625527,1,60,17
4625528,1,60,15
4625529,1,21,6
4625530,1,5,27
4625531,1,15,10
4625532,1,60,14
4625533,1,674,4
4625534,1,675,1
4625535,1,673,34
4625536,1,675,42
4625537,1,673,36
4625538,1,674,29
4625539,1,675,43
4625540,1,674,30
4625541,1,674,31
4625542,1,675,26
4625543,1,675,28
4625544,1,76,7
4625545,1,40,38
4625546,1,5,37
4625547,1,995,2
4625958,1,599,43
4625959,1,599,5
4625960,1,599,2
4626913,1,116,1
4626914,1,116,2
4626915,1,116,3
4626916,1,116,4
